527072
524900 524900 524900 526348 524900 527072 524900 529968 524900 533588 525624 525624 525624 529244 526348 526348 526348 527796 526348 531416 527072 527796 527072 529244 527072 531416
524900 527796 526348 524900 527072 532864 526348 527072 524900 530692 525624 530692 525624 524900 527072 532140 524900 532864 524900 525624 526348 530692 525624 533588 524900 532140
527072 533588 524900 531416 525624 529968 525624 527072 525624 531416 526348 529244 524900 528520 525624 528520 526348 529968 527072 524900 525624 527796 526348 528520
527072 528520 525624 532864 527072 525624 526348 533588 527072 530692 526348 532140 526348 532864 527072 526348 525624 526348 525624 532140 527072 527072 527072 529968
529244 524176 524176 524176
529244 524176 524176 524176
529244 524176 524176 524176
524176
524176
524176
525624
