0_Parade_Parade_0_490
80
121 441 81 91 0.87502
103 185 43 55 0.87185
730 239 41 49 0.86949
593 171 42 53 0.85945
475 329 50 68 0.85460
771 557 111 142 0.85392
767 316 63 87 0.84889
176 199 50 66 0.84716
240 322 55 66 0.84614
526 225 36 43 0.84413
594 282 51 65 0.84123
899 365 74 100 0.83750
17 296 40 48 0.83018
743 153 38 45 0.83012
383 351 59 75 0.82860
503 153 34 41 0.82303
350 125 28 34 0.81089
910 84 28 32 0.80990
671 130 40 60 0.80204
759 84 33 39 0.79992
876 51 22 30 0.79505
175 133 30 37 0.78759
930 7 21 28 0.78665
716 89 32 38 0.78387
969 54 23 32 0.78081
826 151 40 45 0.77725
276 81 20 25 0.77616
277 179 38 43 0.76834
12 487 70 80 0.75602
447 67 22 28 0.75484
547 116 23 32 0.75299
490 658 61 86 0.74745
434 114 23 29 0.74571
571 58 24 29 0.74426
634 78 27 31 0.73194
668 638 38 59 0.72529
28 168 27 29 0.71782
535 76 22 30 0.71013
939 191 43 41 0.70560
243 163 26 34 0.69360
384 99 20 25 0.68841
850 31 22 27 0.67716
380 183 41 44 0.67697
597 111 24 33 0.67361
537 21 17 20 0.66878
74 161 30 31 0.66499
354 58 20 23 0.66437
86 62 16 22 0.65577
134 75 17 23 0.65349
59 113 17 20 0.62858
902 14 22 27 0.62713
232 91 20 23 0.61088
247 58 13 16 0.59801
698 21 19 24 0.58641
19 384 31 44 0.58613
724 42 24 28 0.57347
954 23 22 28 0.54491
441 42 14 18 0.53670
10 142 19 23 0.53471
368 239 34 55 0.52863
643 23 13 17 0.51044
207 19 11 14 0.50791
500 94 16 22 0.50705
998 166 25 48 0.47437
228 456 54 61 0.46989
675 83 22 26 0.46546
6 91 15 19 0.46436
614 6 15 18 0.45597
675 11 13 16 0.43342
400 287 37 50 0.42896
782 15 18 22 0.40511
440 218 35 40 0.39684
811 30 22 28 0.35389
771 248 31 54 0.35382
335 118 18 23 0.32730
992 30 18 25 0.31869
516 21 15 21 0.29834
0 224 17 36 0.29753
475 63 18 23 0.27474
272 150 29 33 0.26218
