0_Parade_marchingband_1_620
28
797 414 33 38 0.84200
910 325 33 39 0.83148
440 241 22 25 0.78559
660 339 31 32 0.77729
819 253 23 26 0.74011
840 355 26 28 0.73728
192 176 22 24 0.73065
119 273 20 25 0.71472
900 215 21 24 0.71049
767 339 28 32 0.70466
83 192 17 20 0.67649
954 235 17 19 0.63585
609 241 20 22 0.61350
976 218 17 20 0.58453
1008 330 15 27 0.58136
290 237 16 20 0.57869
858 204 19 21 0.57660
332 244 18 21 0.56812
256 201 17 19 0.56139
398 192 14 17 0.56098
761 213 16 17 0.55655
469 196 13 15 0.54387
587 180 15 19 0.54270
841 232 17 22 0.52535
622 164 12 15 0.50918
408 175 12 16 0.46739
111 187 15 18 0.44318
718 163 11 14 0.28679
