0_Parade_marchingband_1_653
82
225 139 16 20 0.77861
960 179 17 21 0.76445
510 131 16 20 0.74341
124 148 15 19 0.73431
481 204 14 18 0.71786
871 194 14 18 0.70834
764 191 14 17 0.70154
678 193 14 17 0.69569
325 138 13 17 0.69526
875 116 17 21 0.69409
460 146 15 19 0.69289
113 88 14 16 0.68819
231 47 11 16 0.68479
28 143 14 17 0.68302
374 145 15 19 0.68298
130 203 13 16 0.67782
600 186 14 18 0.67131
418 143 14 16 0.67040
210 95 13 16 0.66587
67 97 13 17 0.66532
782 33 13 16 0.66290
537 193 14 19 0.65989
166 95 12 15 0.65630
351 97 13 15 0.65295
653 21 13 17 0.64812
321 43 12 15 0.64716
912 30 13 16 0.64675
259 108 13 17 0.64422
189 43 12 14 0.64151
364 44 12 16 0.63985
23 97 14 17 0.63827
78 143 14 18 0.63717
490 83 11 15 0.63579
44 196 17 20 0.63397
603 138 14 18 0.63033
555 34 13 15 0.63001
649 128 13 18 0.62966
411 34 12 16 0.62028
44 44 13 16 0.61806
981 129 13 17 0.61016
959 40 12 15 0.60830
275 154 13 16 0.60745
510 33 12 15 0.60354
466 37 12 14 0.60313
311 211 12 16 0.60037
701 27 11 14 0.59969
274 53 12 14 0.59947
99 51 12 14 0.59191
738 132 13 18 0.59003
533 97 14 16 0.58964
443 94 11 15 0.58823
150 55 12 15 0.58641
395 200 13 16 0.58374
303 97 12 15 0.58220
175 139 14 18 0.57531
673 91 13 16 0.57049
864 39 12 15 0.56975
782 133 14 18 0.54024
827 31 11 14 0.53722
743 43 11 14 0.53588
558 127 15 19 0.53246
979 78 13 16 0.53173
806 94 13 15 0.50619
222 206 12 16 0.49730
398 90 12 14 0.48893
761 88 12 15 0.48117
933 96 12 15 0.47790
186 159 16 18 0.45884
891 98 12 15 0.45202
603 39 11 13 0.45058
584 93 12 14 0.41285
374 206 11 13 0.40951
945 108 13 17 0.36772
716 86 12 14 0.35624
629 93 12 14 0.32886
246 213 10 13 0.31381
841 48 10 14 0.31014
862 108 13 17 0.30436
928 116 14 16 0.30114
694 122 13 18 0.28186
876 59 11 15 0.27383
318 200 13 16 0.25737
