0_Parade_marchingband_1_629
35
955 394 17 22 0.74405
563 369 11 15 0.72621
508 367 13 15 0.70945
35 377 12 15 0.70882
463 359 12 15 0.70532
610 371 12 16 0.70314
234 365 11 15 0.69998
429 321 9 12 0.66715
636 327 11 13 0.64871
361 361 9 12 0.63275
54 336 11 13 0.60746
294 352 10 12 0.59401
326 358 11 13 0.59288
794 353 10 12 0.59116
393 363 10 12 0.58955
2 348 10 13 0.58873
109 374 12 14 0.57714
579 321 11 14 0.57628
496 332 11 13 0.57625
427 362 11 13 0.55691
860 387 13 17 0.54197
406 325 9 11 0.53187
650 375 12 17 0.49838
713 395 13 19 0.49091
141 361 10 12 0.48292
561 324 10 12 0.42210
791 405 13 21 0.39770
861 355 9 13 0.37706
793 375 10 15 0.37567
533 324 11 14 0.35201
713 334 8 10 0.33894
570 348 13 14 0.30338
535 333 10 12 0.29541
826 341 8 11 0.29323
532 323 8 9 0.28457
