0_Parade_Parade_0_317
38
604 106 16 20 0.68179
171 202 21 27 0.63775
246 89 14 18 0.63490
567 125 13 17 0.62857
222 99 12 16 0.62725
328 73 15 19 0.61393
624 84 15 19 0.60492
429 86 13 16 0.60139
309 81 14 17 0.59706
519 102 15 17 0.51653
302 104 13 16 0.51241
272 101 13 16 0.49540
355 120 15 17 0.47983
388 120 13 17 0.46579
31 93 14 17 0.46039
540 94 14 17 0.44846
491 88 14 18 0.44668
564 84 14 16 0.42850
658 78 13 15 0.42128
178 105 13 16 0.41379
923 106 15 19 0.40865
640 79 12 17 0.38156
697 99 13 16 0.37795
655 101 14 17 0.37241
959 111 13 15 0.36107
839 121 12 16 0.36034
407 89 13 15 0.35749
124 79 17 20 0.35495
646 135 12 15 0.33446
740 108 15 18 0.31819
101 67 14 18 0.30412
999 89 22 25 0.30396
903 90 16 18 0.28234
871 90 13 15 0.28095
659 158 15 17 0.27045
721 80 16 20 0.25501
782 98 14 17 0.25460
948 91 14 17 0.25393
