0_Parade_marchingband_1_410
144
564 467 25 36 0.77602
693 482 30 46 0.73754
877 449 31 45 0.72723
464 485 23 38 0.67878
783 225 11 15 0.59782
653 397 13 16 0.56156
769 122 11 14 0.55889
267 480 14 18 0.54926
48 131 13 16 0.52925
313 480 21 31 0.52819
249 37 11 14 0.51961
809 87 10 12 0.51714
237 339 12 16 0.51581
203 376 10 14 0.50604
824 339 13 16 0.50585
96 53 11 14 0.50472
385 481 21 32 0.50434
177 259 11 15 0.50139
715 67 10 14 0.49620
665 333 12 15 0.49468
16 503 17 24 0.49121
221 480 18 23 0.48657
659 219 12 15 0.48056
538 69 10 13 0.47847
94 179 12 15 0.47136
941 215 10 14 0.46180
356 24 12 14 0.46074
469 25 12 15 0.45924
670 470 13 18 0.45832
146 75 10 12 0.45767
171 463 13 17 0.45717
38 346 14 16 0.45676
823 107 10 14 0.45547
199 217 12 15 0.45529
721 161 11 15 0.44518
685 323 12 15 0.43986
705 192 11 14 0.43640
728 350 13 17 0.43497
127 232 11 15 0.43372
312 412 12 16 0.43185
468 131 12 15 0.43173
267 331 11 14 0.43039
58 460 16 18 0.42925
677 262 12 15 0.42504
141 488 12 16 0.42412
182 179 12 15 0.42163
164 381 11 14 0.42109
74 86 11 15 0.42039
108 312 12 16 0.41933
398 6 11 14 0.41716
208 41 11 13 0.41215
939 29 11 14 0.40926
625 225 12 15 0.40848
861 211 12 15 0.40605
891 69 9 13 0.40399
309 335 13 16 0.39515
630 290 11 14 0.39482
930 72 10 14 0.39394
567 335 13 16 0.38958
901 337 12 15 0.38919
39 112 11 13 0.38790
263 76 11 14 0.38602
359 317 10 14 0.38572
794 480 19 27 0.38540
182 76 9 12 0.38490
778 93 10 11 0.38286
472 80 9 12 0.38203
982 214 11 13 0.37943
193 14 13 16 0.37770
23 219 11 13 0.37070
985 416 12 15 0.37067
120 335 13 16 0.36644
832 175 12 15 0.36297
116 214 11 14 0.35942
324 318 12 16 0.35647
685 66 10 14 0.35416
241 218 12 15 0.35398
244 447 12 16 0.35005
897 213 11 14 0.34612
275 436 12 15 0.34545
147 288 11 15 0.34452
837 133 10 13 0.34090
455 41 11 14 0.34078
382 79 10 11 0.34022
510 78 9 11 0.33670
658 175 10 13 0.33666
221 76 11 13 0.33287
73 311 11 15 0.33283
87 501 20 28 0.32519
998 276 14 17 0.32478
97 145 12 15 0.32455
608 172 12 14 0.32352
866 444 16 23 0.32340
926 247 12 15 0.32235
969 334 11 15 0.31922
124 461 14 17 0.31802
492 114 11 14 0.31729
596 60 10 13 0.31720
609 396 12 15 0.31684
28 311 12 15 0.31288
48 32 11 14 0.31145
129 38 10 12 0.31003
227 138 11 14 0.30817
810 274 12 15 0.30642
651 318 11 14 0.30517
636 335 12 15 0.30405
155 220 12 17 0.30300
577 111 10 14 0.30283
391 413 11 15 0.29781
836 316 11 14 0.29729
508 26 9 12 0.29687
607 339 10 13 0.29640
144 269 11 12 0.29458
917 47 10 13 0.29190
734 122 11 15 0.29140
242 240 11 15 0.28751
91 213 13 16 0.28608
231 423 11 14 0.28559
253 384 12 14 0.28459
975 437 15 20 0.28360
141 176 11 16 0.28351
984 139 9 12 0.28292
601 295 10 12 0.28109
350 414 11 14 0.28059
916 321 11 14 0.27921
283 287 12 17 0.27831
884 315 11 15 0.27313
40 230 10 14 0.27138
1010 340 11 17 0.27017
177 495 16 25 0.26815
559 61 9 12 0.26621
579 28 10 13 0.26567
404 348 13 16 0.26468
262 146 11 13 0.26460
50 486 13 17 0.26449
243 124 10 12 0.26393
569 379 13 16 0.26303
808 134 11 13 0.26098
218 256 12 15 0.25830
215 309 13 16 0.25752
965 299 12 16 0.25648
238 294 12 16 0.25575
656 67 10 13 0.25534
775 334 12 16 0.25290
