0_Parade_marchingband_1_329
43
135 313 23 28 0.83974
572 421 19 26 0.82376
836 325 20 25 0.81440
251 385 21 24 0.80578
448 415 19 25 0.80411
510 426 18 24 0.78652
190 311 22 25 0.78552
566 339 15 19 0.78279
328 387 19 22 0.77963
713 372 22 25 0.77584
389 381 19 21 0.75320
632 427 20 25 0.75237
896 336 22 26 0.75059
479 315 17 20 0.75009
181 393 22 24 0.74513
798 401 17 22 0.74088
658 334 19 22 0.74079
212 339 19 24 0.73958
785 351 16 20 0.73802
78 296 23 26 0.73341
329 322 18 20 0.73061
289 316 20 25 0.72795
639 308 19 24 0.72666
373 326 16 19 0.70619
683 332 15 18 0.70262
414 320 14 18 0.70006
758 394 16 19 0.68382
707 332 17 21 0.67831
524 319 16 19 0.67651
542 324 14 17 0.64475
572 308 15 19 0.64125
746 342 16 19 0.64065
592 316 15 20 0.60675
768 336 14 19 0.60584
615 319 15 18 0.54434
354 357 17 23 0.51651
507 332 15 17 0.49716
159 330 17 19 0.44040
495 389 15 18 0.41343
397 428 15 17 0.37991
291 358 14 16 0.30099
654 371 13 16 0.28449
149 321 18 24 0.26917
