0_Parade_Parade_0_873
105
319 460 49 62 0.88944
818 506 65 79 0.86432
401 322 27 35 0.84216
94 582 77 102 0.83051
979 462 46 72 0.82619
854 326 23 29 0.82219
744 353 26 33 0.82026
933 298 23 27 0.81975
927 401 47 56 0.81737
371 322 19 24 0.81179
714 407 35 44 0.79760
299 353 22 27 0.78903
728 477 52 73 0.78546
867 565 90 122 0.78418
449 520 73 86 0.78242
817 318 24 28 0.78192
743 316 20 24 0.77591
149 409 34 41 0.77423
479 309 19 24 0.76992
277 374 23 27 0.76533
771 357 26 33 0.75688
628 364 25 33 0.74831
21 298 15 18 0.74267
128 381 31 38 0.73413
211 309 17 21 0.72656
660 600 63 82 0.72351
335 368 27 31 0.72122
806 351 22 28 0.71523
532 358 26 31 0.70904
613 493 45 69 0.70684
959 345 32 35 0.70507
902 374 24 37 0.69614
994 310 17 24 0.69574
967 295 14 18 0.69553
466 347 18 25 0.68400
664 392 27 37 0.67361
455 396 28 39 0.67275
190 357 17 22 0.66894
427 306 15 19 0.66676
1 396 18 27 0.66034
552 424 38 55 0.64895
782 417 34 41 0.64398
663 312 13 16 0.63725
32 338 17 21 0.63424
631 312 18 23 0.63103
60 335 14 18 0.62371
582 345 23 29 0.62346
317 404 33 48 0.61455
175 333 17 20 0.60894
670 364 19 25 0.60296
14 366 23 26 0.60021
349 346 21 24 0.59378
523 340 20 26 0.58307
934 271 14 18 0.57989
921 274 13 17 0.57806
247 347 14 17 0.57789
982 287 16 24 0.57481
702 289 13 17 0.57422
26 428 34 46 0.56937
318 323 13 18 0.56107
140 478 32 57 0.55707
365 446 46 75 0.54066
445 371 25 33 0.54022
198 405 26 37 0.53984
907 306 17 20 0.53900
275 318 15 18 0.52273
258 329 12 15 0.51834
572 308 13 18 0.51335
236 371 23 27 0.51206
809 264 11 15 0.49460
96 455 36 53 0.48119
788 346 20 25 0.47225
711 306 16 21 0.46547
855 282 10 13 0.46197
153 326 12 14 0.46158
860 375 28 39 0.46099
995 365 25 35 0.44385
832 298 11 15 0.43246
626 337 18 25 0.42517
584 321 15 18 0.42064
502 324 16 20 0.41897
909 318 19 23 0.41259
874 269 10 13 0.41048
796 311 15 17 0.40304
461 317 12 15 0.39481
689 389 36 49 0.39143
707 270 11 14 0.37727
84 372 20 25 0.36502
567 330 12 15 0.36428
534 301 10 13 0.36379
809 294 12 14 0.35432
760 390 29 46 0.35231
895 359 30 44 0.34542
218 351 14 18 0.33650
99 357 18 22 0.32617
549 333 13 16 0.32463
227 341 13 17 0.31460
790 294 11 15 0.30515
986 299 17 21 0.30425
736 298 15 18 0.29610
771 302 12 15 0.29340
560 309 12 16 0.27647
505 453 28 50 0.25865
985 281 14 19 0.25379
626 353 23 31 0.25336
