0_Parade_marchingband_1_149
26
371 380 27 36 0.85650
442 374 29 37 0.85562
713 389 27 34 0.85436
809 238 24 33 0.85399
631 379 27 32 0.84997
227 314 24 31 0.84995
464 304 23 29 0.84991
309 314 24 30 0.84849
664 236 24 31 0.84778
599 239 24 30 0.84528
281 388 25 32 0.84507
527 385 26 34 0.84454
405 224 22 28 0.84335
536 302 24 30 0.83869
281 230 23 29 0.83867
212 233 24 31 0.83545
673 318 24 31 0.83463
784 314 24 30 0.83426
534 223 22 29 0.83075
474 232 23 29 0.82998
602 323 23 30 0.82607
727 240 24 29 0.82556
389 310 25 29 0.82554
351 238 26 30 0.82296
702 269 23 25 0.56875
737 358 19 22 0.29943
