0_Parade_marchingband_1_267
36
-1 216 29 51 0.85302
166 245 33 40 0.85161
424 201 26 34 0.84240
466 223 33 37 0.83880
355 235 25 34 0.82647
584 225 26 32 0.82133
316 222 24 33 0.81708
506 195 21 26 0.79719
548 177 23 28 0.79189
584 181 18 24 0.78238
511 234 25 30 0.75675
804 139 17 20 0.74025
925 145 16 19 0.73886
623 173 16 20 0.72693
565 138 15 17 0.70310
762 153 14 17 0.69719
713 164 16 21 0.69381
833 146 13 16 0.69216
646 157 15 18 0.65196
711 186 15 21 0.63190
735 146 14 18 0.62344
589 142 13 16 0.61933
654 191 16 20 0.58512
680 144 13 16 0.57852
896 122 10 13 0.53986
984 142 13 17 0.50307
618 105 12 14 0.49347
407 117 7 10 0.44422
676 199 14 20 0.44179
663 149 12 16 0.39503
935 103 8 10 0.39241
632 149 12 16 0.35942
847 133 11 13 0.33192
703 150 12 15 0.30227
436 113 8 9 0.29868
799 140 15 19 0.25101
