0_Parade_marchingband_1_172
84
568 240 42 49 0.84477
244 167 32 43 0.84322
745 123 27 32 0.79734
852 182 28 33 0.79194
113 85 24 28 0.77326
374 107 25 31 0.76865
874 103 18 21 0.73671
439 105 23 26 0.72237
807 76 20 23 0.71839
492 111 21 24 0.70840
509 143 25 30 0.70822
649 105 20 25 0.70741
229 86 19 23 0.69705
252 95 19 24 0.69587
944 126 23 26 0.69070
559 49 18 24 0.67174
304 77 19 25 0.66262
841 100 21 24 0.66062
697 137 25 27 0.66055
171 82 20 23 0.65922
486 69 20 25 0.65773
70 81 21 26 0.65626
784 44 15 18 0.65184
673 180 27 31 0.65034
329 122 21 25 0.64958
986 130 20 23 0.64848
559 132 24 27 0.64812
908 99 18 23 0.64531
405 63 16 20 0.64207
277 93 24 27 0.63790
69 32 15 19 0.63548
608 49 13 16 0.63472
778 100 22 27 0.63252
716 102 17 21 0.61016
524 95 19 26 0.60656
252 48 16 21 0.59802
929 89 16 20 0.59391
695 75 17 22 0.57667
593 111 20 24 0.56488
468 40 13 16 0.56093
743 48 12 15 0.55186
651 42 13 17 0.54430
371 83 19 20 0.54051
588 77 16 19 0.53236
646 75 17 20 0.50758
840 26 11 14 0.50539
113 28 13 15 0.49439
542 69 16 20 0.49056
201 37 13 16 0.48629
202 116 20 22 0.46752
967 118 17 23 0.45800
955 86 15 18 0.45402
505 50 13 16 0.44780
872 76 11 13 0.44563
675 51 15 19 0.44118
889 141 21 25 0.44051
953 56 12 15 0.43642
879 169 21 25 0.42193
1 4 11 17 0.41512
631 48 12 14 0.39012
0 33 12 20 0.38599
797 22 11 15 0.37100
128 21 12 16 0.36693
566 21 11 13 0.36143
812 35 10 14 0.35337
1006 77 14 18 0.34117
778 26 11 13 0.33924
287 39 14 16 0.33776
198 98 18 22 0.33643
927 38 12 15 0.33572
440 70 20 21 0.32681
822 22 12 14 0.32351
49 71 15 18 0.31854
998 36 11 15 0.31707
1 110 16 27 0.30810
49 10 12 14 0.30421
817 161 23 25 0.29799
922 16 11 13 0.29430
485 28 14 16 0.28355
292 64 13 17 0.26920
428 14 12 15 0.26547
906 39 11 13 0.26072
841 22 12 14 0.26009
551 19 10 14 0.25606
