0_Parade_Parade_0_472
22
319 114 42 49 0.85648
602 264 45 55 0.84930
512 130 34 43 0.83728
59 137 32 35 0.81664
562 135 19 27 0.76878
933 226 22 26 0.69848
644 122 16 25 0.67540
707 110 22 28 0.59651
630 162 18 21 0.58449
952 153 19 21 0.56503
656 169 19 23 0.56088
678 130 18 26 0.53696
401 129 31 31 0.48115
748 124 14 21 0.46546
831 117 17 24 0.45513
921 149 16 17 0.40661
975 145 16 21 0.39847
815 121 16 23 0.38027
733 123 15 21 0.36215
742 124 15 21 0.34743
166 177 16 22 0.26656
804 186 19 21 0.26598
