0_Parade_Parade_0_377
29
255 505 74 93 0.81458
978 340 19 26 0.74969
7 263 49 79 0.74441
573 306 31 37 0.73135
856 368 70 84 0.72185
548 296 20 28 0.62977
730 307 22 24 0.62947
92 364 60 70 0.57670
764 315 18 21 0.57467
946 321 14 21 0.53993
250 403 22 34 0.52204
345 335 22 32 0.52068
425 309 18 23 0.51459
711 312 13 17 0.44372
154 316 36 44 0.40924
846 311 11 14 0.36351
77 279 32 35 0.35324
455 278 17 20 0.34996
810 310 12 14 0.33544
793 308 13 16 0.32629
172 274 32 39 0.31254
247 337 32 38 0.29370
898 308 11 13 0.28835
937 321 14 20 0.28215
934 320 13 18 0.26987
325 335 20 27 0.26277
649 310 15 20 0.25534
66 379 51 66 0.25153
264 250 14 16 0.25024
