0_Parade_Parade_0_664
40
937 334 28 33 0.84406
618 340 21 27 0.78969
122 323 21 26 0.78902
463 340 25 29 0.75530
16 337 37 36 0.75075
209 314 24 27 0.74219
656 321 18 22 0.70270
411 333 19 25 0.69532
975 343 19 23 0.68709
489 327 18 22 0.68704
515 311 14 19 0.64882
581 328 17 21 0.63045
808 347 19 23 0.62617
32 308 18 21 0.62093
841 325 19 24 0.59985
542 349 24 23 0.59497
196 295 12 16 0.59217
361 324 15 18 0.57264
175 350 18 20 0.53611
423 307 12 15 0.52690
244 307 16 21 0.49799
260 355 30 25 0.49171
130 302 14 16 0.49038
463 301 13 18 0.48983
0 324 12 25 0.44179
58 307 19 25 0.42580
979 309 11 14 0.39518
230 296 12 14 0.38929
954 312 12 14 0.37780
636 310 13 16 0.37400
576 305 12 15 0.36674
671 318 14 19 0.35649
110 301 14 17 0.35431
676 315 11 16 0.35287
345 354 19 18 0.33283
877 354 23 20 0.32278
67 283 10 12 0.30123
891 321 9 11 0.29897
922 308 9 12 0.28129
159 304 11 15 0.27937
