0_Parade_Parade_0_29
24
801 167 41 49 0.86620
540 162 63 75 0.86587
315 230 32 40 0.85214
979 186 36 42 0.83915
238 233 24 29 0.83165
194 241 19 21 0.76974
422 249 19 22 0.76193
160 249 17 19 0.73888
705 246 16 18 0.70522
487 235 15 18 0.70458
141 252 12 16 0.68625
294 241 13 18 0.66174
692 249 11 15 0.61628
593 239 20 25 0.61541
746 242 17 24 0.61331
357 241 15 19 0.49458
122 244 11 14 0.49316
858 236 23 25 0.47406
510 243 14 19 0.45615
669 240 8 11 0.37625
648 241 9 11 0.34750
671 239 9 11 0.29336
459 249 11 13 0.29004
218 251 16 20 0.26688
