0_Parade_marchingband_1_359
22
733 113 56 65 0.86047
167 170 34 42 0.85033
864 150 24 28 0.81376
908 121 22 26 0.79407
609 188 17 23 0.79149
481 193 15 19 0.77170
412 192 16 21 0.72843
1008 120 15 25 0.71023
506 194 12 16 0.69776
309 194 13 18 0.68736
1 215 13 19 0.60306
362 201 10 11 0.48860
966 134 11 14 0.47194
538 195 8 10 0.46091
459 195 12 16 0.43191
45 212 18 21 0.38529
143 203 19 21 0.37074
245 199 12 17 0.33775
844 155 9 12 0.32173
66 172 19 23 0.31051
269 199 10 13 0.29032
276 195 9 12 0.25954
