0_Parade_marchingband_1_78
36
908 571 9 11 0.58857
750 595 11 14 0.57330
859 594 11 13 0.56282
856 495 9 12 0.53091
656 358 8 11 0.52955
697 467 9 12 0.51473
12 242 10 12 0.50040
975 566 10 11 0.47889
941 105 8 10 0.45485
680 254 8 10 0.44901
239 145 8 10 0.44194
588 342 8 10 0.40967
803 612 10 12 0.40706
855 401 8 10 0.40041
992 311 10 12 0.38262
963 270 8 11 0.35808
700 590 10 12 0.33909
647 479 8 10 0.32489
787 94 7 9 0.31399
371 373 9 11 0.31265
827 585 10 14 0.31183
973 153 8 10 0.31136
1006 289 10 12 0.31094
720 12 7 9 0.29702
385 105 7 10 0.29609
909 54 7 8 0.29386
742 95 7 9 0.28649
129 341 12 14 0.28328
539 470 8 10 0.28218
767 380 8 8 0.28060
748 16 6 8 0.27760
671 478 8 10 0.27362
90 105 7 8 0.27283
996 576 10 12 0.26632
885 315 7 8 0.25932
709 486 10 12 0.25394
