0_Parade_marchingband_1_649
29
23 198 37 48 0.88076
700 289 39 48 0.87980
798 283 38 51 0.87769
294 286 42 51 0.87681
410 85 35 44 0.87425
175 283 41 49 0.87015
939 208 40 44 0.86642
814 202 34 44 0.86520
5 129 27 33 0.85725
490 123 34 43 0.85661
970 152 32 40 0.85501
247 191 39 46 0.85263
650 146 29 37 0.85157
661 219 36 41 0.85132
859 153 32 38 0.84526
895 321 40 49 0.84507
55 120 31 37 0.84417
556 82 34 47 0.84351
341 119 34 42 0.83151
761 151 27 36 0.83141
131 236 35 42 0.82596
249 145 29 33 0.81732
103 135 25 31 0.79070
701 173 24 33 0.74118
905 177 26 30 0.73524
529 131 31 37 0.69635
151 122 19 33 0.58075
789 167 25 32 0.36326
835 181 21 24 0.25881
