0_Parade_marchingband_1_525
23
676 381 22 27 0.82094
400 385 23 26 0.79739
290 394 21 26 0.78904
900 424 18 22 0.76526
537 398 20 23 0.75771
764 439 16 18 0.66899
39 428 12 15 0.66303
983 462 16 18 0.65626
835 419 14 18 0.63850
196 375 21 26 0.61726
627 415 11 13 0.59502
953 469 15 20 0.54632
815 426 12 16 0.53626
782 422 13 15 0.46782
120 412 9 13 0.43930
139 419 12 14 0.40783
861 485 13 17 0.37555
77 423 9 11 0.36894
12 423 9 11 0.34884
262 399 14 20 0.33206
485 487 9 12 0.31100
583 417 13 17 0.28065
318 539 8 10 0.25694
