0_Parade_marchingband_1_234
58
404 410 16 20 0.83970
703 417 17 21 0.80850
307 313 16 20 0.79677
582 415 16 20 0.79252
807 281 16 19 0.78993
647 411 15 20 0.78876
334 411 16 21 0.78860
668 322 15 20 0.78775
434 312 16 20 0.78439
367 307 16 22 0.78422
784 317 17 21 0.78114
470 401 17 22 0.77781
729 316 16 21 0.77104
760 419 16 21 0.76231
555 311 16 21 0.76106
643 249 16 18 0.76104
207 420 16 20 0.75873
524 413 16 22 0.75500
844 251 15 20 0.75075
746 274 15 18 0.75030
281 419 15 19 0.74995
603 206 15 18 0.74346
403 290 15 18 0.74103
677 284 15 18 0.73962
613 322 15 20 0.72704
489 309 15 19 0.72666
216 291 16 20 0.72571
864 304 15 18 0.72460
401 218 14 18 0.72023
776 254 14 18 0.71747
255 254 15 19 0.71284
242 333 15 19 0.71229
318 261 15 18 0.71102
671 211 14 17 0.70832
438 263 13 16 0.70250
508 257 15 18 0.70204
702 255 15 17 0.69970
540 292 15 17 0.69742
229 222 14 17 0.69355
345 281 13 15 0.68323
353 231 13 15 0.67998
375 267 12 15 0.67937
736 231 14 17 0.67822
470 310 13 16 0.67117
293 231 13 16 0.66352
570 268 14 18 0.65135
286 297 14 16 0.64563
553 168 14 16 0.63930
836 327 14 17 0.63877
468 235 13 16 0.59739
482 178 14 16 0.57779
187 328 15 17 0.57156
530 223 14 17 0.57027
606 303 15 17 0.54197
601 176 10 15 0.32547
609 308 16 20 0.30500
207 293 15 19 0.27012
235 193 9 13 0.25022
