0_Parade_Parade_0_102
24
525 538 19 26 0.81248
423 539 19 22 0.77614
183 535 20 25 0.76046
806 442 26 31 0.76039
933 436 25 32 0.75648
267 529 18 23 0.73198
58 543 16 22 0.72935
743 537 16 19 0.71482
495 521 18 22 0.71138
592 523 21 25 0.69147
328 542 18 22 0.68230
84 539 15 21 0.67613
222 528 12 15 0.64833
663 528 20 22 0.61304
547 540 18 22 0.57864
11 530 10 13 0.56106
135 526 11 13 0.52337
380 543 12 15 0.47813
375 523 11 14 0.42220
67 521 11 14 0.34711
638 540 12 16 0.32879
748 501 17 22 0.32554
621 522 12 17 0.29892
293 526 12 15 0.26197
