0_Parade_Parade_0_120
24
109 303 43 50 0.86745
952 307 40 48 0.85416
524 330 33 36 0.80846
443 326 17 20 0.76373
43 323 26 32 0.75299
491 315 19 23 0.75247
664 325 17 20 0.74586
326 314 18 21 0.74229
628 318 14 18 0.69147
698 320 13 15 0.68490
286 341 15 17 0.64774
560 321 14 17 0.57034
228 340 20 32 0.47632
745 312 12 14 0.45962
393 332 13 15 0.42954
988 328 29 42 0.40699
729 320 9 13 0.35480
218 347 20 29 0.34793
994 234 18 26 0.33074
269 340 12 16 0.31867
809 334 14 19 0.30865
552 323 17 22 0.30123
368 332 10 14 0.25765
907 306 12 17 0.25076
