0_Parade_marchingband_1_593
61
907 349 11 14 0.68026
863 335 11 14 0.66612
76 343 9 12 0.59684
252 320 10 13 0.59002
598 347 9 11 0.57837
801 300 9 11 0.55973
359 384 9 11 0.55610
561 294 10 12 0.55032
103 331 10 13 0.54829
208 307 8 11 0.53747
488 307 9 12 0.52810
402 321 10 12 0.52494
541 374 9 12 0.52401
698 347 9 12 0.52297
675 335 9 11 0.52208
468 380 9 12 0.51479
564 344 9 12 0.49589
624 378 9 11 0.49572
650 339 10 12 0.48978
506 378 8 11 0.48498
759 346 9 11 0.47484
310 354 10 12 0.46977
137 308 9 11 0.46373
176 304 9 11 0.46339
286 321 10 12 0.44812
350 359 10 12 0.44772
181 331 10 13 0.43320
660 377 10 12 0.42339
624 341 10 12 0.42145
445 347 10 12 0.42086
532 293 9 12 0.41914
761 312 10 12 0.41321
723 293 8 11 0.41121
437 320 9 12 0.40831
800 337 10 13 0.40819
373 324 8 11 0.40711
579 306 11 12 0.40111
648 303 9 11 0.39735
583 378 9 12 0.39693
153 336 9 13 0.38946
109 311 9 10 0.38946
319 323 9 11 0.38904
474 343 9 11 0.38899
598 319 10 13 0.35926
392 377 8 11 0.35309
437 288 9 11 0.33896
531 343 9 11 0.33837
612 299 10 13 0.33588
778 323 10 12 0.32617
344 314 9 12 0.32466
503 293 10 12 0.31851
519 307 9 12 0.30803
271 305 9 11 0.30174
225 357 10 12 0.29937
724 351 9 12 0.28343
429 377 9 10 0.28332
239 306 9 12 0.28325
594 287 9 12 0.27811
631 311 9 12 0.27494
153 352 11 14 0.25981
361 300 8 11 0.25723
