0_Parade_marchingband_1_765
125
307 371 19 24 0.76868
406 309 15 20 0.76443
316 302 18 22 0.76386
493 367 18 23 0.76227
114 300 16 20 0.75415
249 369 17 22 0.74729
88 323 20 25 0.74681
650 315 15 20 0.74555
806 321 15 19 0.73983
195 373 17 21 0.73913
501 313 15 20 0.73895
368 368 19 24 0.72806
893 267 14 19 0.72804
153 380 16 19 0.72742
727 383 17 21 0.72741
833 298 14 17 0.72713
202 221 13 18 0.72601
728 312 14 18 0.72511
606 243 13 17 0.72180
612 381 17 22 0.71786
351 342 16 21 0.71766
452 341 17 23 0.71739
226 319 14 17 0.71085
312 248 12 17 0.71057
429 374 17 22 0.70566
845 372 17 22 0.70414
252 269 13 16 0.70151
537 253 13 16 0.69777
458 290 13 17 0.69658
906 381 18 23 0.69182
362 230 14 16 0.69137
687 295 14 18 0.68971
501 265 12 16 0.68688
913 289 14 19 0.68553
340 266 13 17 0.68171
288 289 12 18 0.68102
555 377 17 22 0.67886
833 204 14 16 0.67635
784 383 18 20 0.67522
369 291 13 18 0.67378
583 313 15 19 0.67045
714 270 13 17 0.66744
466 250 12 16 0.66327
692 352 15 19 0.66297
139 274 14 18 0.66209
704 230 13 15 0.65907
614 294 15 18 0.65739
383 205 11 13 0.65565
421 269 13 17 0.65478
663 378 18 21 0.65349
770 293 13 17 0.64986
665 211 12 16 0.64771
232 200 12 16 0.64556
256 343 16 20 0.64435
785 273 14 17 0.64173
538 347 17 21 0.63761
648 266 13 17 0.63738
441 234 12 15 0.63644
872 247 12 16 0.63358
744 251 13 16 0.63166
857 354 14 17 0.62977
332 217 11 14 0.62833
848 225 12 16 0.62808
172 259 13 17 0.62002
802 252 12 17 0.61907
767 351 14 19 0.61894
716 153 10 12 0.61369
286 234 11 15 0.61263
397 244 13 15 0.60782
673 246 13 17 0.60757
763 231 12 15 0.60214
576 269 13 16 0.59364
541 208 11 14 0.59111
486 190 11 14 0.57672
569 232 12 16 0.57393
568 202 10 13 0.56877
449 203 10 13 0.56064
823 180 11 15 0.55899
504 234 11 15 0.55520
512 171 10 13 0.54666
475 216 12 13 0.54525
654 189 10 14 0.54197
505 204 11 13 0.54055
677 154 10 12 0.53692
691 200 11 14 0.53590
436 163 10 13 0.53517
540 295 14 18 0.53322
397 170 11 14 0.52568
598 165 10 13 0.51756
283 149 11 14 0.51643
628 150 10 13 0.51605
704 165 10 13 0.51258
630 199 11 14 0.50561
245 184 12 16 0.49638
413 213 12 15 0.49265
723 213 12 16 0.49096
781 222 10 14 0.48510
420 190 11 13 0.48292
758 188 10 14 0.48109
350 183 11 14 0.48090
310 203 10 13 0.46801
623 348 14 17 0.46186
570 172 10 13 0.44863
330 171 9 13 0.43903
601 188 10 13 0.41637
549 165 9 12 0.41177
367 162 10 12 0.39786
489 163 11 13 0.39430
627 177 10 13 0.38646
457 173 11 13 0.38511
743 204 10 13 0.37498
803 158 10 12 0.36901
328 174 10 13 0.36333
782 318 11 14 0.35807
539 186 11 13 0.34424
731 181 9 12 0.32294
659 165 8 11 0.32282
344 151 9 12 0.30342
640 233 12 16 0.30213
573 152 10 11 0.29843
261 174 11 13 0.29164
607 209 11 14 0.28313
317 152 9 12 0.28075
850 364 17 22 0.26726
274 162 11 13 0.25143
