0_Parade_marchingband_1_227
34
459 136 32 40 0.82909
914 140 42 50 0.79488
597 132 24 31 0.77556
414 112 24 31 0.77513
511 108 24 29 0.77386
176 107 24 30 0.76787
290 99 24 30 0.75935
289 140 24 31 0.73770
558 85 19 25 0.71263
840 123 31 39 0.68917
489 97 18 25 0.67165
67 92 19 24 0.60766
711 98 40 45 0.59168
327 89 17 22 0.57479
250 95 21 26 0.54641
57 68 15 19 0.54504
788 83 24 32 0.52666
378 95 15 19 0.48990
149 99 17 23 0.48583
35 94 16 20 0.45347
21 61 15 18 0.43131
213 74 11 14 0.42436
248 81 20 23 0.41233
350 102 19 23 0.40024
633 98 15 18 0.36613
605 109 16 20 0.34788
132 91 13 16 0.31052
6 107 16 22 0.30634
150 95 13 16 0.30108
101 102 15 18 0.28391
505 82 17 20 0.27764
371 92 17 20 0.26714
739 106 29 35 0.26466
767 116 23 33 0.25977
