0_Parade_marchingband_1_188
25
252 501 12 15 0.72960
920 486 12 14 0.67701
575 567 11 14 0.67591
442 547 12 14 0.63927
549 516 11 14 0.61326
211 417 9 12 0.60157
241 327 8 10 0.50958
50 431 9 12 0.49826
521 367 9 11 0.49705
797 359 10 13 0.48213
555 264 9 11 0.47947
784 383 10 12 0.46825
602 409 10 13 0.42584
590 325 7 10 0.39194
344 321 8 10 0.38360
687 350 10 12 0.36197
301 377 8 9 0.35451
64 324 7 9 0.34222
680 307 8 10 0.32818
694 283 7 9 0.31631
159 370 8 11 0.28349
781 185 5 7 0.28055
615 434 9 12 0.27854
860 425 10 13 0.27381
451 323 8 9 0.25530
