0_Parade_marchingband_1_490
214
879 389 15 20 0.75420
884 358 15 20 0.74592
932 387 14 20 0.74532
123 352 14 19 0.74442
975 396 14 19 0.74356
217 394 15 19 0.73967
169 396 15 18 0.73432
80 397 12 16 0.73186
538 436 17 22 0.73115
744 389 15 19 0.72970
788 391 14 19 0.72934
600 388 15 19 0.72890
670 453 17 21 0.72411
32 392 14 18 0.71483
652 388 16 20 0.71317
307 387 15 19 0.71190
291 453 16 20 0.70880
125 397 14 19 0.70810
574 203 11 14 0.70369
500 326 15 18 0.70313
408 452 18 22 0.70142
923 338 14 18 0.70049
698 389 15 20 0.69832
405 386 17 21 0.69539
718 307 13 18 0.69435
835 358 13 17 0.69385
552 389 14 19 0.69368
166 284 12 16 0.69355
587 329 14 18 0.69082
794 358 13 18 0.69043
244 326 14 17 0.68815
86 334 14 17 0.68557
169 354 13 17 0.68555
454 390 15 20 0.68284
754 359 12 17 0.68158
482 355 15 18 0.68122
355 205 12 16 0.67959
882 333 13 16 0.67929
205 324 13 18 0.66868
438 358 15 18 0.66663
263 391 14 18 0.66660
839 248 10 13 0.66372
259 354 14 18 0.66312
150 241 11 14 0.66231
504 386 16 19 0.66127
663 359 13 18 0.65716
390 357 16 20 0.65272
369 329 13 17 0.64741
613 284 14 18 0.64649
80 360 14 19 0.64485
838 391 14 18 0.64180
440 301 13 17 0.64112
435 192 9 12 0.63936
330 327 13 17 0.63548
195 264 12 15 0.63516
218 359 13 18 0.63424
617 357 14 18 0.63279
412 331 13 15 0.62834
357 386 16 21 0.62651
525 190 10 13 0.62599
526 355 15 18 0.62528
702 203 10 13 0.62425
640 306 13 16 0.61996
631 331 13 17 0.61898
419 202 11 12 0.61611
708 358 13 16 0.61548
345 231 13 16 0.61538
375 192 11 12 0.61263
458 331 13 17 0.61232
932 367 13 15 0.61068
759 309 12 16 0.61062
575 283 13 17 0.60955
601 304 13 16 0.60913
264 198 11 14 0.60869
288 327 12 17 0.60455
667 203 12 14 0.60214
275 284 13 16 0.60092
739 248 13 15 0.60059
461 284 12 17 0.59672
435 215 11 14 0.59671
591 268 14 17 0.59629
185 209 12 14 0.59538
561 215 13 16 0.59468
675 331 12 16 0.59356
619 185 11 14 0.59238
370 214 12 15 0.59048
511 202 11 14 0.58757
467 185 10 13 0.58754
302 355 14 19 0.58665
282 305 12 16 0.58626
651 236 12 16 0.58261
205 305 12 15 0.58230
236 285 12 15 0.58120
679 306 13 15 0.58056
293 248 13 16 0.57905
165 302 12 16 0.57720
728 200 9 13 0.57235
422 283 13 17 0.56983
545 331 12 16 0.56874
795 330 12 16 0.56584
536 251 11 14 0.56381
483 307 13 16 0.56367
565 306 12 16 0.56164
636 250 12 16 0.56086
544 203 11 15 0.55914
452 202 11 13 0.55408
800 268 12 15 0.55085
126 327 12 15 0.55045
217 210 10 13 0.55014
652 189 9 12 0.54918
327 247 12 15 0.54868
756 201 10 12 0.54655
685 285 13 16 0.53496
536 283 13 17 0.53362
234 197 10 13 0.53165
703 249 13 15 0.53150
466 215 12 15 0.53001
522 307 13 16 0.52812
650 287 12 16 0.52773
573 360 13 16 0.52755
498 212 10 14 0.52702
388 206 12 14 0.52517
304 214 11 14 0.52397
605 247 12 15 0.52106
496 185 10 12 0.52046
810 230 10 13 0.51886
360 304 12 15 0.51731
719 238 10 14 0.51660
627 269 13 15 0.51204
590 187 10 14 0.51104
839 329 12 16 0.50544
790 210 10 14 0.50403
350 284 12 17 0.49953
605 202 12 13 0.49882
347 358 13 17 0.49848
295 201 10 13 0.49744
716 327 13 16 0.49716
636 203 9 11 0.49649
222 246 12 14 0.49645
483 202 11 14 0.49497
668 248 13 17 0.49474
517 234 12 15 0.49411
372 266 12 14 0.49361
340 188 10 12 0.49281
342 266 12 15 0.49248
568 247 12 15 0.49169
799 311 12 16 0.49167
874 297 11 15 0.48810
504 251 11 13 0.48795
617 232 12 15 0.48367
548 234 12 14 0.48341
417 233 12 15 0.48160
751 332 12 16 0.47989
555 266 13 16 0.47559
838 310 15 18 0.47504
595 220 12 15 0.47359
380 231 12 15 0.47164
281 233 11 14 0.47139
245 302 12 16 0.46947
745 229 11 13 0.46214
467 248 11 15 0.45340
808 246 11 14 0.45180
442 267 12 15 0.44736
386 284 13 16 0.44323
401 306 11 14 0.44229
683 187 10 12 0.44135
405 264 12 16 0.44016
431 246 12 15 0.43949
336 214 12 14 0.43668
231 265 12 15 0.43478
626 218 11 14 0.43419
169 326 12 15 0.43364
123 290 12 16 0.42842
838 285 12 15 0.42714
772 250 11 14 0.41865
556 190 10 12 0.41672
311 187 9 12 0.41646
361 248 13 15 0.41634
367 210 13 15 0.41567
314 285 11 15 0.41327
768 270 11 14 0.41216
321 303 12 15 0.40847
719 214 9 13 0.40657
878 314 10 13 0.40208
482 231 12 15 0.39906
245 216 10 13 0.39770
634 324 15 20 0.39732
493 286 13 16 0.39634
184 244 11 14 0.38970
396 248 12 16 0.38290
404 189 9 12 0.38110
528 214 12 14 0.38071
188 225 11 14 0.37806
279 188 11 14 0.37695
688 234 11 14 0.37586
778 230 11 13 0.37287
304 266 12 15 0.36484
734 265 11 14 0.36434
202 285 12 16 0.36413
759 289 12 15 0.36237
405 214 10 14 0.35148
124 305 12 14 0.35132
260 245 12 15 0.34581
310 232 12 14 0.34361
798 285 12 16 0.32967
689 219 11 13 0.31390
699 267 10 14 0.31316
249 223 10 14 0.31306
727 286 12 15 0.31224
480 269 12 15 0.30115
266 263 11 15 0.29935
252 228 10 13 0.27624
737 254 12 14 0.26717
453 236 11 13 0.26328
