0_Parade_marchingband_1_476
40
744 174 50 67 0.87451
610 200 39 51 0.85879
857 101 35 42 0.84268
797 129 42 49 0.83597
519 173 25 31 0.81143
592 168 25 33 0.79978
421 281 37 46 0.79380
677 161 30 35 0.78186
386 222 20 26 0.77568
207 250 21 31 0.77259
452 220 31 35 0.76921
432 189 22 26 0.76284
333 263 30 51 0.76210
281 253 26 39 0.75395
354 223 19 26 0.74853
313 215 20 28 0.72597
241 256 22 33 0.71632
575 161 16 22 0.71481
641 55 15 20 0.68082
200 179 14 18 0.66854
175 184 14 18 0.66492
220 188 16 19 0.65171
583 92 14 17 0.64004
399 200 21 27 0.63041
265 177 11 14 0.61824
326 145 12 16 0.57443
476 116 15 18 0.56022
60 230 17 24 0.54831
711 51 15 19 0.52999
565 103 13 16 0.52319
409 137 11 15 0.51937
480 193 23 28 0.50664
156 198 14 19 0.42154
735 36 15 20 0.40277
74 252 19 24 0.38886
391 135 11 14 0.37808
686 108 15 19 0.36921
878 36 19 24 0.28750
247 180 10 13 0.28407
490 192 22 27 0.28245
