0_Parade_marchingband_1_74
115
188 363 36 44 0.84277
384 339 16 19 0.78615
433 363 15 18 0.71792
605 408 15 19 0.71608
661 414 16 18 0.71466
502 385 14 17 0.70702
467 371 14 18 0.70640
716 401 16 20 0.70516
867 382 15 18 0.70262
527 360 15 19 0.69965
315 329 13 16 0.69883
530 405 13 16 0.69313
564 370 14 18 0.69194
759 394 15 18 0.68518
780 385 16 19 0.68504
769 343 14 18 0.68335
249 308 14 16 0.68316
629 376 15 18 0.67569
910 376 14 18 0.67241
496 359 13 16 0.66403
409 357 13 17 0.66367
211 314 14 17 0.66191
839 375 14 18 0.66172
464 339 13 17 0.65485
581 391 15 18 0.65411
655 302 12 16 0.65225
657 366 14 16 0.63877
508 316 12 15 0.62834
757 273 12 15 0.62817
572 333 13 16 0.62366
958 362 15 17 0.62337
484 335 12 15 0.61585
295 319 13 16 0.61488
582 295 14 16 0.61410
350 346 13 16 0.61167
929 365 13 16 0.60679
178 298 12 15 0.59433
403 330 12 16 0.58638
803 361 15 18 0.58588
547 346 14 16 0.58196
744 371 13 16 0.58179
823 395 13 17 0.58137
732 305 13 14 0.58019
852 351 14 16 0.57239
278 298 12 16 0.57205
348 312 13 15 0.56940
333 303 11 14 0.56668
458 316 11 14 0.56333
951 329 13 16 0.55801
855 292 13 16 0.55494
903 343 12 16 0.54747
627 306 12 13 0.54612
590 316 13 16 0.53428
662 283 12 14 0.53362
421 315 13 15 0.53041
724 286 12 14 0.52946
633 269 10 12 0.52930
705 302 11 14 0.52893
266 315 12 15 0.52782
262 268 11 13 0.52285
701 385 12 17 0.52139
652 344 12 14 0.52038
563 283 11 13 0.50913
823 303 12 15 0.49573
707 337 11 12 0.48268
888 306 12 14 0.48160
708 360 12 14 0.48137
493 302 12 14 0.47562
921 324 13 15 0.47549
672 394 14 17 0.47480
554 298 11 14 0.47403
215 285 12 13 0.46792
673 324 13 15 0.46398
347 295 11 13 0.45081
9 110 10 12 0.44596
875 353 14 17 0.44447
604 351 11 14 0.44423
815 275 13 15 0.44413
774 319 12 15 0.43696
440 313 11 13 0.43688
368 308 12 14 0.42480
538 325 12 14 0.42262
889 328 11 14 0.41407
796 309 11 14 0.40076
737 337 12 14 0.39994
993 330 12 15 0.38988
585 388 16 19 0.37753
989 194 9 11 0.37414
839 325 11 14 0.37275
512 344 12 15 0.37198
788 338 12 14 0.37114
889 321 11 16 0.37065
1004 273 11 13 0.36607
754 325 12 14 0.35375
595 384 13 17 0.35228
964 311 12 15 0.33851
972 351 14 17 0.33551
767 299 11 13 0.31847
470 299 10 12 0.31511
866 53 9 10 0.30425
868 335 12 15 0.30365
630 320 13 16 0.29978
813 273 12 14 0.29641
686 349 11 13 0.29136
450 293 10 12 0.28220
136 285 9 11 0.27512
576 357 12 15 0.27478
375 319 11 14 0.27144
379 322 12 15 0.27092
239 284 9 11 0.26164
436 290 9 11 0.26063
782 295 10 13 0.25663
433 350 13 15 0.25475
613 296 10 12 0.25447
618 328 11 13 0.25328
