0_Parade_Parade_0_470
23
471 332 72 94 0.88708
36 162 82 105 0.87798
899 173 60 71 0.87746
620 136 56 75 0.87728
121 469 86 110 0.87541
933 270 59 71 0.87470
316 367 79 112 0.87305
536 183 63 89 0.86873
295 237 67 85 0.86822
417 202 64 87 0.86661
597 243 77 101 0.86656
701 229 64 88 0.86564
465 143 54 69 0.86440
149 170 69 97 0.85804
328 160 54 78 0.85516
838 231 50 68 0.84746
777 227 61 77 0.84474
218 174 67 82 0.82867
850 177 50 63 0.82180
0 152 29 46 0.69330
760 169 19 28 0.61335
786 179 33 33 0.42051
270 173 34 46 0.25946
