0_Parade_Parade_0_43
66
943 520 19 23 0.80212
310 451 20 26 0.79670
186 386 20 23 0.79667
200 452 20 23 0.78982
30 510 21 24 0.78921
305 356 20 24 0.78893
152 508 21 23 0.78406
490 222 18 22 0.77773
823 515 19 24 0.77730
266 514 18 22 0.77536
603 512 20 25 0.77174
398 512 20 25 0.77146
678 450 17 22 0.76783
11 483 17 20 0.76753
443 449 18 23 0.76731
545 290 17 21 0.76591
254 379 20 22 0.76133
655 348 18 25 0.76054
499 513 20 25 0.75809
549 448 18 23 0.75659
714 516 19 22 0.75189
703 376 19 23 0.75107
501 395 19 23 0.74881
134 428 20 23 0.74713
77 455 18 22 0.74251
884 463 17 23 0.74138
754 401 18 22 0.73919
770 460 18 23 0.73483
440 288 17 22 0.73030
599 344 18 21 0.71897
810 436 17 21 0.71180
385 341 18 21 0.70038
143 277 10 12 0.55342
39 256 8 11 0.51971
112 271 10 12 0.51857
923 502 15 19 0.49595
977 322 12 14 0.48144
792 387 16 17 0.47132
245 347 12 15 0.46098
194 283 10 12 0.43170
171 275 10 13 0.42588
786 244 9 11 0.40706
366 283 10 13 0.39473
807 260 10 12 0.36747
750 264 9 11 0.36571
849 325 10 13 0.36112
885 373 11 13 0.35828
747 322 12 14 0.35057
996 257 9 11 0.33826
155 256 9 10 0.33666
572 233 10 12 0.33218
906 328 10 13 0.31574
936 333 10 13 0.30706
772 382 14 17 0.30299
896 298 9 12 0.30152
774 316 11 13 0.30144
5 280 9 12 0.28862
848 296 10 12 0.28103
259 256 8 11 0.27961
326 283 9 11 0.27868
567 260 11 14 0.27467
702 259 8 10 0.27423
901 371 11 13 0.26375
699 336 12 13 0.26259
820 313 11 13 0.26148
931 271 10 11 0.25107
