0_Parade_marchingband_1_1045
27
946 261 38 54 0.83988
88 265 34 41 0.82313
660 268 29 40 0.78898
357 293 19 26 0.77741
181 316 19 23 0.70987
436 304 18 20 0.69262
503 306 17 21 0.67495
382 300 16 19 0.67203
0 312 14 23 0.66615
282 299 22 28 0.65474
584 257 29 42 0.63892
753 306 16 20 0.62746
692 256 23 29 0.62219
147 318 18 25 0.59099
211 308 13 15 0.53938
776 297 12 16 0.50973
303 301 14 19 0.39380
13 292 11 14 0.38083
53 286 21 27 0.36965
599 309 12 16 0.36442
791 303 12 14 0.36307
483 309 13 17 0.36103
420 305 12 16 0.36064
138 322 20 26 0.32918
126 309 14 20 0.27472
464 296 13 17 0.27405
201 325 14 17 0.25407
