10_People_Marching_People_Marching_2_401
53
193 353 52 66 0.88623
330 403 68 85 0.87942
100 281 31 37 0.85574
641 531 74 97 0.85038
92 515 63 73 0.84297
20 410 58 66 0.84156
661 266 35 40 0.83453
627 250 26 35 0.83406
495 266 29 41 0.83404
727 298 35 49 0.83108
725 384 36 44 0.82430
423 239 23 28 0.80342
798 284 46 49 0.79732
283 294 23 29 0.79694
567 263 30 38 0.79461
45 290 25 30 0.79453
541 240 24 32 0.79154
351 277 21 24 0.78867
253 273 21 26 0.77883
548 494 59 67 0.76613
386 249 18 23 0.76483
102 392 35 42 0.76077
479 265 19 30 0.74799
315 270 17 21 0.74648
853 249 34 53 0.74475
758 264 24 34 0.74243
508 240 20 25 0.72296
778 352 45 81 0.72191
188 267 24 27 0.71252
674 421 37 50 0.70580
381 312 26 32 0.70167
0 354 22 52 0.70108
64 318 29 36 0.70017
207 304 27 29 0.69869
742 255 18 23 0.68855
923 265 25 34 0.68587
854 514 84 112 0.68333
781 262 31 47 0.66897
701 240 15 19 0.66820
308 329 23 28 0.65607
353 335 29 36 0.63887
818 243 31 36 0.63352
358 252 11 14 0.62977
327 291 20 24 0.56580
746 229 15 18 0.53518
606 478 40 64 0.48736
615 236 16 20 0.45514
33 266 15 20 0.30650
897 234 18 24 0.30174
744 240 16 19 0.29317
585 249 21 27 0.28988
998 275 18 29 0.28700
545 305 32 35 0.28699
