10_People_Marching_People_Marching_2_36
40
949 333 34 43 0.83716
813 325 34 40 0.81132
555 319 33 39 0.79592
696 300 32 41 0.77255
32 287 17 22 0.76321
13 312 17 20 0.74911
749 314 33 38 0.74844
499 314 29 41 0.73289
648 304 29 33 0.72368
188 305 29 38 0.72247
222 313 29 39 0.71093
471 303 29 39 0.68970
673 271 14 19 0.68856
113 289 22 27 0.67607
305 334 30 38 0.66964
973 295 15 17 0.66894
51 410 13 16 0.66384
383 292 29 34 0.66037
155 302 27 37 0.64748
593 273 18 22 0.64463
93 309 22 24 0.64370
902 303 14 18 0.62942
929 294 15 19 0.62185
257 319 36 38 0.61836
429 297 29 38 0.59779
136 298 21 28 0.59678
851 290 17 20 0.58770
828 292 18 22 0.57303
567 290 17 20 0.56460
59 239 14 16 0.52959
813 294 18 21 0.52774
959 280 12 14 0.48597
325 334 27 32 0.43591
639 293 15 21 0.43126
523 316 24 32 0.40371
1005 293 13 15 0.39034
521 286 20 22 0.38852
443 301 29 36 0.38822
792 327 22 32 0.32543
107 414 11 14 0.27836
