10_People_Marching_People_Marching_2_2
23
760 422 30 42 0.80204
952 465 37 62 0.79986
663 475 31 58 0.78628
791 386 12 16 0.66295
657 395 19 29 0.65172
904 404 16 26 0.62353
490 482 27 45 0.60059
1000 420 23 32 0.54174
659 429 20 39 0.45584
960 394 14 23 0.45043
557 385 14 17 0.40072
827 349 9 11 0.39107
704 370 9 11 0.37111
293 394 12 16 0.36004
538 371 8 11 0.35874
163 430 13 17 0.32250
995 354 10 14 0.31654
251 384 8 11 0.30773
760 395 17 19 0.30082
630 384 11 15 0.27639
338 388 10 12 0.27026
313 390 9 12 0.26413
620 356 8 10 0.25383
