10_People_Marching_People_Marching_2_498
30
28 15 22 27 0.80690
69 145 22 29 0.78481
705 0 19 23 0.77388
346 418 26 28 0.75860
413 585 24 26 0.75609
953 546 22 28 0.75524
1001 275 20 25 0.74263
608 130 23 24 0.73381
895 418 21 27 0.73205
784 542 24 27 0.72064
772 134 21 25 0.70823
191 28 21 24 0.70763
543 4 23 25 0.70536
835 277 21 27 0.67122
540 438 26 34 0.65299
721 418 22 23 0.63883
874 4 25 24 0.62113
37 615 25 24 0.59757
941 123 24 25 0.59148
162 426 19 24 0.58063
573 597 17 29 0.57842
212 593 25 28 0.55021
239 136 21 24 0.47756
662 278 23 23 0.47537
365 32 19 22 0.45844
120 272 20 25 0.43264
467 297 18 22 0.41434
2 457 15 20 0.40749
291 281 24 25 0.39123
225 63 16 20 0.33904
