10_People_Marching_People_Marching_2_373
199
144 503 44 52 0.87264
808 297 37 41 0.86502
108 425 41 45 0.86358
250 465 40 47 0.86336
393 345 37 44 0.86323
282 293 37 44 0.86176
274 364 39 47 0.85751
693 479 46 54 0.85709
766 496 41 51 0.85421
354 437 48 56 0.85361
511 413 41 52 0.85101
380 186 31 40 0.84993
628 469 42 48 0.84795
772 188 28 35 0.83729
259 262 29 37 0.83656
21 320 36 41 0.83569
74 469 33 47 0.83555
170 385 33 40 0.83433
981 150 28 35 0.83358
250 400 39 50 0.83297
337 166 27 31 0.83131
696 336 34 41 0.83095
267 201 30 31 0.82392
569 302 30 40 0.81835
757 335 29 37 0.81774
969 91 26 32 0.81319
756 273 35 39 0.81305
152 344 33 38 0.81279
984 242 31 37 0.81117
885 175 28 33 0.81020
619 110 27 33 0.80942
270 96 25 32 0.80238
912 228 31 39 0.80105
312 205 30 39 0.79899
943 206 28 33 0.79718
290 471 34 39 0.79714
263 139 28 32 0.79337
870 402 41 49 0.79278
839 230 37 41 0.79104
672 438 36 41 0.79015
460 325 38 47 0.78961
913 151 25 32 0.78852
839 76 24 28 0.78753
367 383 32 41 0.78116
137 314 33 37 0.78042
56 307 28 36 0.78015
47 430 38 43 0.77477
864 134 24 30 0.77364
808 144 28 32 0.76457
713 174 27 33 0.76259
766 116 25 28 0.76247
840 157 25 29 0.76135
223 310 30 39 0.75791
993 80 24 29 0.75587
89 377 33 39 0.75496
553 391 35 38 0.75152
695 201 30 33 0.75071
413 427 34 48 0.74909
694 238 31 36 0.74646
1001 374 22 35 0.74620
694 295 30 33 0.74502
52 54 23 27 0.74140
182 121 23 31 0.74015
159 8 17 20 0.73942
968 190 24 29 0.73378
874 97 28 36 0.73288
479 42 20 25 0.73134
167 288 35 48 0.72827
953 504 40 49 0.72252
316 539 48 40 0.72206
284 17 18 23 0.72197
925 291 31 40 0.72007
857 295 34 38 0.71997
354 77 23 27 0.71874
332 280 33 35 0.71807
727 88 24 28 0.71616
520 257 31 35 0.70742
307 13 16 22 0.70523
575 61 23 28 0.70436
500 94 24 31 0.70398
87 189 24 29 0.70114
851 49 21 27 0.70021
381 4 21 24 0.69980
122 385 37 42 0.69762
994 206 25 30 0.69750
935 74 22 28 0.69464
791 373 38 44 0.69345
817 181 21 30 0.69218
366 137 28 32 0.68612
322 44 18 22 0.68494
346 52 21 24 0.68366
924 121 27 27 0.68033
121 8 17 20 0.66963
920 382 25 37 0.66463
640 28 17 20 0.66048
955 284 31 35 0.65285
680 138 21 27 0.65107
994 480 26 40 0.64893
186 14 18 23 0.64804
775 147 24 30 0.64260
757 237 27 30 0.64230
827 57 20 26 0.64191
165 70 25 29 0.63862
797 117 24 32 0.63539
978 440 29 33 0.62464
395 252 30 33 0.62428
181 435 30 44 0.62354
774 89 24 26 0.62314
56 541 37 35 0.60870
167 191 28 29 0.60801
850 206 27 28 0.59983
206 262 30 33 0.59691
371 106 28 32 0.59663
656 139 27 29 0.59629
878 275 30 35 0.59240
52 257 29 34 0.59215
821 510 32 39 0.59198
119 36 19 22 0.58593
147 102 24 28 0.57655
479 274 23 28 0.57299
792 68 22 24 0.57235
584 374 25 32 0.56922
207 230 24 28 0.56779
0 196 15 35 0.56545
729 7 16 21 0.56344
875 69 22 24 0.56187
55 224 26 28 0.56160
241 6 14 17 0.55725
140 130 25 30 0.55407
546 95 24 28 0.54552
630 412 25 33 0.54319
143 44 18 22 0.54262
406 55 19 23 0.54200
337 324 34 39 0.53574
447 46 19 21 0.53280
549 48 17 22 0.52178
21 82 19 24 0.51811
632 300 27 31 0.51396
493 22 17 19 0.51350
230 82 17 21 0.51036
59 356 27 33 0.50942
656 52 22 26 0.50481
793 19 19 26 0.50146
198 100 22 26 0.50112
772 51 16 19 0.49036
115 54 22 27 0.48840
417 103 17 22 0.47994
763 76 19 22 0.47012
745 171 20 22 0.46613
227 539 42 34 0.45383
624 176 25 31 0.45022
907 264 22 27 0.44538
331 437 31 46 0.43189
427 56 15 20 0.42468
818 88 19 25 0.42387
757 31 16 20 0.42163
206 198 27 32 0.41741
792 273 28 32 0.41246
538 11 18 19 0.40664
457 13 13 15 0.39709
254 169 22 25 0.39597
362 11 16 20 0.39362
368 43 16 22 0.39059
30 58 15 20 0.39030
830 62 25 30 0.38702
662 202 30 35 0.38633
411 20 14 18 0.38632
573 73 23 27 0.38007
700 0 17 19 0.37497
657 394 34 42 0.36548
401 300 24 29 0.35729
789 403 36 44 0.35718
54 21 15 17 0.35400
260 76 17 20 0.35396
517 33 16 19 0.35206
105 298 24 28 0.34533
619 36 16 19 0.34112
992 129 24 30 0.33714
819 40 16 18 0.33600
615 76 21 24 0.33521
0 45 12 17 0.32995
102 242 19 23 0.32900
387 425 32 42 0.32239
456 391 23 30 0.32107
979 549 38 29 0.32065
570 83 17 21 0.31167
199 268 27 31 0.30767
890 27 15 17 0.30406
60 246 27 36 0.30273
4 8 17 20 0.30113
834 478 33 42 0.29396
766 82 23 26 0.29107
524 61 19 23 0.28124
563 0 15 15 0.26763
662 354 33 34 0.26553
210 211 25 32 0.25380
932 49 15 17 0.25356
349 314 27 40 0.25282
87 37 16 18 0.25032
