10_People_Marching_People_Marching_10_People_Marching_People_Marching_10_447
119
173 829 25 30 0.72418
566 755 28 34 0.70495
963 393 24 32 0.69945
462 479 28 34 0.68798
490 787 44 45 0.68519
134 796 21 27 0.66668
967 477 28 34 0.65556
808 311 23 30 0.65218
637 671 27 31 0.62645
849 652 24 32 0.60003
557 634 22 28 0.59640
16 292 20 25 0.59294
927 618 24 31 0.58794
684 766 48 51 0.58082
68 444 24 29 0.57401
522 352 21 27 0.56563
254 814 19 24 0.55500
671 511 22 27 0.55468
605 690 26 30 0.54775
978 268 23 29 0.54727
249 484 23 30 0.53633
872 626 21 30 0.52838
767 743 24 29 0.52822
170 471 26 32 0.52417
385 649 20 25 0.52334
861 472 26 33 0.51852
883 407 24 27 0.51491
737 333 18 23 0.51479
853 295 20 26 0.51460
410 453 24 31 0.51274
327 430 22 26 0.50402
85 195 22 26 0.50124
806 639 23 29 0.49895
36 782 25 32 0.49452
150 179 19 24 0.49364
959 777 46 47 0.49244
193 128 19 23 0.48875
487 327 22 29 0.48393
831 246 23 28 0.47579
829 524 23 29 0.47112
255 75 23 26 0.46818
256 572 21 26 0.46765
791 704 24 30 0.46373
684 367 20 26 0.45756
215 881 27 32 0.45515
767 362 19 23 0.45243
15 457 21 26 0.44541
215 100 17 24 0.44528
294 233 21 26 0.43669
108 536 22 27 0.42755
878 109 22 27 0.42413
36 690 24 28 0.41878
892 242 20 26 0.41420
260 565 18 24 0.40873
233 643 20 27 0.40646
757 106 23 31 0.40502
464 41 17 21 0.40293
502 292 20 25 0.39931
278 549 20 26 0.39571
262 441 20 26 0.39532
190 10 19 23 0.39526
342 252 21 26 0.39193
718 49 20 25 0.38990
871 325 20 25 0.38614
671 51 19 24 0.38288
569 278 19 25 0.37157
665 151 22 28 0.37080
127 454 19 24 0.36929
703 20 19 22 0.36559
902 164 21 25 0.36392
333 158 21 27 0.36241
993 371 21 26 0.35879
206 63 17 21 0.35581
282 369 21 26 0.35364
995 337 18 22 0.34618
186 575 21 24 0.34384
696 92 19 24 0.33580
993 107 24 30 0.33463
685 268 19 25 0.33431
485 118 19 23 0.33368
73 650 17 22 0.33304
957 104 21 26 0.32777
504 40 16 21 0.32613
573 224 20 24 0.32604
412 169 22 28 0.32154
674 140 24 29 0.31925
175 908 22 27 0.31864
835 48 22 27 0.31835
900 201 20 24 0.31401
935 330 18 24 0.31343
621 5 18 25 0.31321
270 279 20 26 0.31193
159 733 20 24 0.30901
546 37 18 23 0.30871
287 587 19 24 0.30641
223 342 19 25 0.30543
529 181 21 25 0.30508
772 497 20 27 0.30301
415 352 21 24 0.30205
601 161 21 28 0.29709
569 336 19 25 0.29633
840 202 20 23 0.29441
550 446 20 25 0.29327
612 367 23 28 0.29104
494 158 21 26 0.28752
951 25 20 25 0.28681
908 71 17 21 0.28565
663 438 21 27 0.28288
783 269 23 29 0.27905
40 590 17 21 0.27305
461 301 22 26 0.27288
811 122 18 22 0.26825
413 394 21 24 0.26760
48 78 16 21 0.26601
963 203 20 23 0.26508
152 880 22 35 0.26253
563 108 21 26 0.26100
22 156 19 20 0.25987
58 590 17 23 0.25182
