10_People_Marching_People_Marching_2_591
29
892 157 50 54 0.82197
848 182 32 37 0.78058
756 191 31 38 0.76510
39 175 23 27 0.76020
460 185 19 26 0.75821
596 185 22 27 0.74885
671 192 22 31 0.73048
277 188 18 25 0.71957
212 186 21 25 0.71537
85 176 20 26 0.70407
155 185 19 23 0.67034
335 189 17 23 0.65992
416 184 18 23 0.63391
512 1181 21 25 0.54290
507 1122 16 19 0.49583
528 1274 20 24 0.49336
612 1281 17 23 0.48380
447 1145 15 19 0.43613
370 201 16 20 0.43281
414 1133 14 18 0.41233
46 1107 14 18 0.39301
842 1245 20 25 0.35350
511 207 20 23 0.35328
207 1145 19 24 0.34532
427 1221 19 25 0.34191
363 1141 13 18 0.33173
781 680 14 17 0.32027
394 189 14 20 0.28082
292 1178 16 20 0.26522
