10_People_Marching_People_Marching_2_259
72
166 460 17 22 0.71387
52 365 15 19 0.69889
885 465 15 18 0.69175
746 415 14 17 0.66367
942 411 14 19 0.65263
562 462 17 20 0.64905
834 466 17 21 0.64596
147 404 15 20 0.62751
393 462 18 22 0.60869
689 414 13 16 0.60556
666 207 11 14 0.60465
762 198 11 14 0.60163
207 405 15 20 0.59739
801 406 15 19 0.59610
327 250 12 17 0.59368
708 219 10 13 0.59233
853 404 15 18 0.58827
734 463 16 20 0.58706
281 472 18 20 0.57908
347 360 15 19 0.57807
208 207 11 14 0.57484
621 470 13 16 0.57362
682 358 15 18 0.57275
337 472 16 19 0.57136
786 465 15 18 0.56432
625 204 10 14 0.55861
364 205 9 12 0.55415
226 467 14 17 0.55118
485 157 11 13 0.54952
282 205 10 13 0.53477
710 276 14 19 0.53321
450 471 15 19 0.52165
177 367 14 17 0.51861
679 463 15 19 0.51760
298 362 13 17 0.51734
167 228 9 13 0.50756
534 414 13 17 0.50251
346 312 13 16 0.50112
402 173 9 11 0.49229
329 211 10 11 0.48788
419 405 18 22 0.48617
803 356 17 21 0.48394
445 174 9 12 0.47648
629 256 11 16 0.46267
612 367 13 16 0.44950
475 407 15 19 0.44664
262 407 14 17 0.44023
234 367 13 16 0.43632
534 257 10 13 0.43205
568 173 9 12 0.42736
893 397 13 17 0.42416
363 276 13 18 0.42030
744 352 15 19 0.41808
122 283 12 15 0.41470
92 464 15 19 0.39877
557 356 12 15 0.39496
398 366 14 17 0.37984
918 358 14 19 0.36864
504 465 18 21 0.35402
639 320 13 16 0.35142
589 316 15 20 0.34778
558 287 12 15 0.34510
369 409 15 19 0.34199
639 425 13 15 0.33631
857 296 10 13 0.33433
470 328 12 14 0.32431
314 410 13 16 0.31300
445 360 13 16 0.30867
451 287 12 16 0.29284
892 388 14 19 0.28584
606 282 14 18 0.25796
394 306 12 16 0.25452
