10_People_Marching_People_Marching_2_27
27
704 203 33 39 0.83697
832 227 32 38 0.81181
362 183 28 35 0.81126
575 190 35 46 0.80961
860 205 27 35 0.77906
916 267 36 48 0.77795
17 188 25 33 0.77102
35 203 31 41 0.77068
540 200 29 36 0.75050
433 186 27 36 0.73683
209 202 26 32 0.73407
913 213 28 34 0.71817
483 195 25 30 0.71376
610 208 31 35 0.70841
314 185 28 35 0.70271
519 195 23 31 0.69445
648 183 26 33 0.68082
262 192 26 33 0.65367
788 233 27 31 0.64250
127 197 36 40 0.63394
0 189 14 34 0.61553
653 221 26 32 0.53279
303 185 25 33 0.44754
159 181 31 41 0.41609
538 180 16 18 0.36932
206 189 21 24 0.30748
773 204 21 26 0.25694
