10_People_Marching_People_Marching_2_678
28
723 271 26 31 0.84294
449 295 24 28 0.80953
350 276 26 30 0.80593
887 293 19 24 0.79917
305 290 23 26 0.78849
622 295 20 24 0.77075
218 295 23 25 0.71787
845 306 18 22 0.71769
786 304 15 19 0.68214
515 304 18 20 0.66770
116 336 12 16 0.64024
256 294 24 27 0.62683
759 318 17 24 0.60694
65 255 11 12 0.60066
38 318 13 18 0.59014
902 209 11 13 0.56239
565 329 11 14 0.55792
20 317 14 18 0.53818
947 209 11 13 0.51253
113 300 12 14 0.47336
164 315 12 16 0.45293
188 316 12 15 0.43192
175 338 15 17 0.34452
201 295 11 15 0.34241
67 364 14 18 0.34118
806 310 11 17 0.33428
85 335 12 15 0.26669
380 300 16 18 0.26435
