10_People_Marching_People_Marching_2_40
69
668 203 36 54 0.80755
166 217 38 52 0.80375
714 269 53 64 0.79818
46 134 40 48 0.79765
944 246 41 55 0.78719
586 272 43 52 0.78324
91 465 80 100 0.78181
267 117 27 32 0.77411
516 86 18 24 0.76965
401 156 29 36 0.76495
357 129 25 31 0.76461
135 79 21 27 0.75564
95 90 23 27 0.75092
839 241 50 68 0.74991
229 93 21 25 0.73830
680 98 19 24 0.73063
521 522 92 100 0.70403
686 252 38 50 0.69998
711 84 15 19 0.69926
985 340 37 66 0.69855
101 140 25 31 0.69657
50 348 54 60 0.69650
423 102 18 23 0.69082
409 45 14 16 0.68541
498 147 27 30 0.66784
766 88 21 24 0.64146
790 114 25 31 0.64053
710 359 39 62 0.63417
564 62 14 17 0.63035
319 146 27 34 0.62514
757 49 13 16 0.60472
698 44 14 16 0.58887
716 53 13 18 0.58578
750 107 22 28 0.57999
166 57 16 18 0.55882
740 63 14 18 0.55433
473 112 17 22 0.55403
230 203 31 34 0.55239
512 48 12 16 0.53730
822 53 12 16 0.53688
797 66 12 16 0.53658
953 300 59 76 0.53413
855 53 11 14 0.52065
464 44 15 18 0.51900
380 89 20 25 0.51021
586 123 27 39 0.50634
666 102 16 22 0.49684
817 145 21 37 0.47373
57 38 11 13 0.46792
573 44 14 17 0.44581
188 38 10 12 0.43510
771 207 33 32 0.42350
251 87 17 21 0.40292
521 45 12 17 0.39494
907 115 18 23 0.39359
193 79 17 21 0.38135
960 197 15 18 0.37793
885 104 14 20 0.36900
16 3 11 12 0.36809
154 46 11 14 0.35479
141 41 10 12 0.34421
932 158 20 32 0.34316
351 104 24 27 0.33961
783 202 30 33 0.32264
680 39 9 12 0.31987
97 40 13 14 0.29959
666 42 10 12 0.29677
120 378 69 69 0.27780
1 327 35 97 0.27028
