10_People_Marching_People_Marching_2_34
37
624 716 33 43 0.81489
993 721 31 44 0.75769
524 709 31 41 0.72845
760 746 29 31 0.71692
715 701 22 30 0.67525
668 708 26 31 0.64459
861 722 30 36 0.59344
404 723 18 22 0.57427
595 690 19 26 0.56400
370 641 12 15 0.56329
399 658 15 20 0.55918
101 682 17 21 0.55116
835 670 20 26 0.54121
512 689 20 28 0.48928
166 635 12 15 0.46529
83 734 23 29 0.46451
308 626 10 13 0.44867
342 643 12 16 0.44227
455 636 12 16 0.40259
40 683 14 18 0.38306
448 685 14 17 0.38258
810 639 13 15 0.37619
700 679 18 21 0.37564
461 526 8 11 0.35074
897 565 10 11 0.33481
176 748 27 26 0.32761
621 627 10 13 0.32336
175 689 14 17 0.31684
746 551 8 11 0.31100
243 638 13 16 0.30392
962 600 11 14 0.29981
79 601 10 12 0.29043
31 619 11 14 0.28032
193 563 9 11 0.27553
229 594 10 12 0.26606
218 669 12 17 0.26518
666 667 11 16 0.26219
