10_People_Marching_People_Marching_2_171
41
455 77 23 29 0.81889
200 364 21 25 0.81483
264 490 23 31 0.81259
115 128 20 28 0.79290
572 70 20 26 0.79091
839 98 20 27 0.78688
671 92 22 26 0.78608
215 432 24 27 0.78030
976 265 25 29 0.76893
469 354 21 24 0.76828
64 360 22 27 0.76280
5 143 18 23 0.75925
307 359 21 25 0.74635
748 274 20 28 0.74225
247 104 19 24 0.74064
419 491 22 30 0.74010
722 347 21 25 0.71962
324 299 17 22 0.71624
608 384 20 29 0.71286
345 112 19 24 0.70774
32 434 22 27 0.68241
11 629 24 31 0.67755
562 579 21 30 0.67648
388 357 23 26 0.67535
767 70 22 27 0.66557
102 545 20 26 0.64965
452 531 23 29 0.64834
441 292 16 20 0.64670
194 304 16 22 0.64539
551 354 21 27 0.59511
907 339 28 29 0.57360
305 437 22 27 0.55720
224 586 18 23 0.52215
441 428 19 23 0.52099
122 439 23 29 0.50188
563 429 19 24 0.49000
662 371 20 28 0.47929
99 655 23 24 0.38383
339 375 18 22 0.36261
362 281 22 32 0.32966
342 616 18 27 0.29988
