10_People_Marching_People_Marching_2_277
24
620 187 32 38 0.80503
51 187 46 64 0.78995
838 186 25 29 0.76417
971 191 20 23 0.74060
673 190 24 31 0.70991
262 170 19 23 0.69281
231 174 19 23 0.69267
417 177 35 42 0.68640
328 177 22 28 0.68116
868 193 18 22 0.65180
369 185 27 31 0.64899
757 192 24 28 0.62019
910 186 21 25 0.57799
923 185 17 21 0.53201
471 180 13 18 0.50932
940 186 14 18 0.50492
1008 185 15 20 0.46511
818 193 17 23 0.45496
507 198 23 27 0.39984
497 174 10 14 0.38141
792 191 19 22 0.37527
738 193 13 19 0.31358
578 209 12 15 0.28412
559 179 11 14 0.26939
