10_People_Marching_People_Marching_10_People_Marching_People_Marching_10_People_Marching_People_Marching_10_1024
41
363 1893 75 87 0.83801
209 1964 84 94 0.82107
606 1985 85 90 0.81669
952 1927 60 68 0.78900
2 1691 57 69 0.78632
913 1789 47 54 0.77504
729 1852 47 57 0.75946
514 1848 42 50 0.75420
795 1788 42 49 0.74270
403 1787 52 59 0.72885
981 1759 41 54 0.72319
75 1706 42 54 0.72289
860 1782 39 47 0.71456
172 1749 46 55 0.70609
893 1079 47 53 0.68546
577 1898 43 53 0.66899
885 1689 33 40 0.65347
549 1779 30 36 0.64620
616 1836 38 47 0.63547
489 1726 30 37 0.61354
662 1808 33 40 0.60415
707 1077 27 35 0.58467
125 1711 40 54 0.58297
263 1745 43 54 0.55744
279 1046 25 33 0.54548
63 289 22 28 0.53988
455 1831 35 43 0.50946
600 1767 28 34 0.49961
989 1085 30 44 0.49305
344 1753 34 45 0.44682
464 1048 26 33 0.43294
203 1058 24 30 0.41821
224 1724 34 44 0.37967
468 1769 30 36 0.35515
764 1742 26 34 0.33132
36 340 23 31 0.33029
414 1059 31 38 0.30293
572 1046 22 28 0.29642
860 1747 33 38 0.27932
401 345 18 23 0.26787
879 1784 42 53 0.26366
