10_People_Marching_People_Marching_10_People_Marching_People_Marching_10_People_Marching_People_Marching_10_674
44
844 284 11 15 0.66304
832 400 16 18 0.63147
272 456 20 26 0.60832
980 316 11 14 0.59939
516 252 8 11 0.59480
408 379 14 16 0.58871
918 309 11 14 0.58786
897 307 10 14 0.58443
696 267 10 13 0.57501
462 344 12 14 0.57228
822 275 10 13 0.55873
1000 326 11 14 0.54958
867 288 11 14 0.54609
595 338 11 14 0.51659
680 383 11 13 0.50568
595 269 9 11 0.49441
964 316 11 14 0.49357
512 357 11 14 0.49238
259 303 11 13 0.46612
17 369 12 18 0.45991
637 342 13 15 0.43570
880 336 12 15 0.42416
630 382 12 15 0.41560
796 314 10 12 0.40620
233 270 8 11 0.40611
751 369 14 18 0.40319
527 340 10 13 0.39762
574 364 12 15 0.38505
799 573 23 28 0.36438
41 444 16 22 0.34968
562 341 10 14 0.33025
867 310 11 14 0.32835
675 273 9 10 0.30954
949 297 11 14 0.30284
654 328 9 12 0.30171
446 363 12 17 0.29943
392 343 10 12 0.29827
776 292 10 12 0.28620
371 269 8 10 0.28293
789 292 9 12 0.26858
562 281 7 9 0.26613
298 261 7 9 0.26224
195 346 13 15 0.25709
400 257 7 9 0.25557
