10_People_Marching_People_Marching_10_People_Marching_People_Marching_10_240
47
910 428 110 124 0.88734
410 321 110 128 0.88166
241 307 66 84 0.86322
418 235 42 55 0.85629
612 234 48 60 0.85289
2 237 31 40 0.85227
380 253 24 34 0.84747
715 245 24 31 0.83753
220 269 33 43 0.83742
130 210 28 36 0.83143
289 269 39 55 0.81549
553 227 20 25 0.80488
195 198 19 22 0.78342
262 212 18 23 0.78148
219 226 23 28 0.76713
795 306 42 51 0.76681
329 234 23 35 0.74267
689 260 24 34 0.74131
172 203 17 24 0.73184
838 264 27 38 0.71719
536 211 16 21 0.60656
976 340 47 80 0.57851
929 264 47 53 0.57398
684 227 14 17 0.54949
744 218 12 15 0.54820
221 204 17 19 0.53687
139 189 13 15 0.51668
892 218 14 16 0.47122
340 217 13 15 0.46062
766 203 12 14 0.45954
35 236 21 29 0.45647
743 240 13 18 0.43661
232 188 14 16 0.42897
107 194 14 19 0.41048
891 234 15 18 0.40649
160 189 14 18 0.40630
825 272 27 34 0.40342
259 183 11 13 0.39036
796 219 13 15 0.37564
496 217 12 16 0.37489
299 206 12 16 0.36100
517 243 26 34 0.34194
458 239 22 31 0.31411
278 192 13 16 0.30347
105 196 19 27 0.28314
836 207 9 11 0.27769
376 216 15 19 0.25321
