10_People_Marching_People_Marching_10_People_Marching_People_Marching_10_69
248
48 592 22 26 0.80357
958 629 22 29 0.78079
163 556 21 25 0.76679
651 456 19 23 0.76180
120 618 19 23 0.75959
5 610 22 27 0.75734
880 576 20 26 0.74279
98 565 19 24 0.73531
358 534 17 22 0.73227
536 464 18 23 0.72833
694 481 20 27 0.72364
208 606 20 25 0.71288
87 509 20 25 0.70704
177 651 21 27 0.70011
168 487 18 24 0.69017
424 491 16 20 0.68874
838 611 21 27 0.68538
231 549 17 21 0.68385
875 647 21 29 0.67819
538 377 15 18 0.67427
841 475 17 23 0.67358
163 512 16 21 0.67358
502 434 17 20 0.67116
395 501 18 21 0.67001
608 553 18 23 0.66898
0 658 19 26 0.66598
733 415 15 19 0.66202
630 492 17 22 0.65542
716 538 21 28 0.65381
181 445 17 21 0.65170
869 542 18 21 0.64915
950 475 17 21 0.64862
886 482 17 21 0.64673
689 660 22 26 0.64637
979 336 13 16 0.64398
491 544 18 23 0.63232
651 345 14 17 0.62997
745 574 20 25 0.62639
932 576 19 25 0.62340
358 454 17 22 0.61859
250 405 15 19 0.61645
302 604 18 22 0.61556
881 441 19 24 0.61448
357 628 22 28 0.61035
222 518 17 20 0.60842
180 164 11 13 0.60619
391 594 21 24 0.60578
425 449 15 18 0.60493
470 501 16 19 0.60234
367 498 16 21 0.60189
678 250 13 17 0.59859
221 109 11 13 0.59559
628 371 13 18 0.59557
226 486 16 19 0.59548
600 658 21 25 0.59417
512 565 17 22 0.59253
129 478 16 18 0.59141
236 355 16 19 0.58913
820 369 13 17 0.58855
562 370 15 20 0.58812
258 636 18 22 0.58250
299 422 14 17 0.58197
820 163 10 13 0.57820
766 442 16 21 0.57688
295 456 16 22 0.57193
401 525 17 20 0.56792
691 273 13 16 0.56771
785 406 14 19 0.55659
682 417 14 18 0.55614
533 611 17 23 0.55192
448 270 12 15 0.54892
709 304 12 15 0.54776
156 413 14 17 0.54574
307 500 17 20 0.54436
166 209 12 15 0.54251
717 357 13 17 0.54105
461 215 10 13 0.53705
780 106 8 11 0.53651
623 281 11 15 0.53588
794 541 18 22 0.53465
198 189 10 13 0.53346
381 351 14 17 0.53153
760 505 16 20 0.53149
137 195 12 15 0.53117
317 547 19 22 0.53043
91 244 13 17 0.52946
440 473 15 19 0.52888
97 195 11 14 0.52794
312 671 23 23 0.52729
627 328 13 16 0.52349
319 193 12 15 0.51987
584 625 18 22 0.51907
436 293 13 15 0.51537
381 409 16 19 0.51320
457 466 14 19 0.51292
134 660 24 25 0.51222
913 168 14 18 0.50165
792 377 14 18 0.50107
449 369 15 19 0.49979
504 494 16 21 0.49892
115 330 15 18 0.49649
765 650 16 20 0.49382
876 394 13 16 0.49107
213 657 22 25 0.49037
688 326 14 17 0.48980
754 615 20 26 0.48968
298 199 11 14 0.48849
908 470 13 17 0.48583
774 357 12 15 0.48396
484 310 11 15 0.48216
374 178 11 14 0.48057
550 576 17 22 0.47852
806 397 13 18 0.47679
704 163 10 13 0.47605
932 446 15 18 0.47360
647 106 10 13 0.47302
451 324 12 17 0.47168
997 596 16 21 0.47152
727 500 18 22 0.47095
485 268 11 14 0.46903
563 533 17 23 0.46366
295 175 10 14 0.45831
588 446 13 18 0.45712
73 192 11 14 0.45648
402 573 20 25 0.45417
202 135 11 14 0.45405
722 385 12 17 0.45289
144 227 12 16 0.45227
428 314 13 16 0.44805
599 510 17 19 0.44802
713 180 10 12 0.44704
737 141 10 13 0.44631
885 324 13 16 0.44587
427 659 21 24 0.44447
705 341 12 15 0.44408
891 631 18 23 0.43947
63 310 15 19 0.43517
541 540 17 20 0.43510
715 215 11 13 0.43504
196 213 11 14 0.43099
286 661 18 22 0.43040
476 560 16 21 0.42811
466 299 12 16 0.42747
203 91 10 12 0.42120
977 601 20 23 0.41914
427 170 11 14 0.41630
545 112 10 12 0.41569
638 193 10 12 0.41551
595 331 13 17 0.41279
743 391 13 16 0.41034
108 251 13 18 0.40979
578 113 10 12 0.40892
271 565 19 21 0.40889
112 106 10 13 0.40813
779 501 15 19 0.40719
576 491 17 22 0.40646
470 159 11 12 0.40633
566 457 15 20 0.40574
816 526 17 20 0.40182
638 311 13 16 0.39942
234 140 9 12 0.39532
602 82 9 12 0.39406
187 130 10 13 0.38709
436 128 10 13 0.38584
771 150 9 12 0.38527
661 261 11 15 0.38518
954 305 12 15 0.38349
331 608 21 26 0.38217
740 329 11 15 0.38150
135 188 12 16 0.38067
660 308 12 14 0.38030
511 239 10 13 0.37802
339 373 13 17 0.37544
585 231 11 15 0.37451
687 391 13 16 0.37318
567 267 11 13 0.36981
719 443 14 19 0.36812
384 197 10 13 0.36501
290 109 10 12 0.36329
599 309 13 16 0.36101
688 52 9 11 0.36017
615 266 11 13 0.35676
690 153 9 12 0.35663
53 560 15 18 0.35459
626 417 17 22 0.34800
644 580 19 21 0.34448
466 412 14 17 0.34351
406 162 10 12 0.34087
612 140 10 12 0.33567
659 228 10 13 0.33525
679 215 10 12 0.33481
525 113 9 12 0.33435
689 178 10 12 0.33227
554 81 9 12 0.32919
130 154 11 14 0.32824
347 123 11 14 0.32735
559 318 11 15 0.32730
455 246 11 13 0.32143
108 219 12 15 0.31820
116 192 10 14 0.31704
345 162 11 14 0.31492
823 571 19 23 0.31483
243 610 18 19 0.31450
409 191 10 14 0.31231
506 668 20 21 0.31166
844 366 11 14 0.31124
461 116 9 11 0.31029
681 189 10 13 0.30521
325 165 10 11 0.29873
458 180 10 13 0.29646
218 195 9 12 0.29593
91 641 25 33 0.29498
100 485 12 16 0.29367
327 357 12 15 0.29342
994 524 20 25 0.29144
439 619 19 22 0.29088
1001 203 13 15 0.29039
605 242 11 14 0.28954
473 138 10 12 0.28872
535 193 11 12 0.28836
133 179 10 12 0.28753
68 374 14 17 0.28748
741 76 8 11 0.28412
270 195 10 13 0.28359
608 357 13 17 0.28122
580 348 12 16 0.28054
759 108 11 12 0.28012
99 125 10 12 0.27900
492 141 10 12 0.27819
326 468 14 17 0.27712
333 127 9 12 0.27710
176 136 10 12 0.27098
659 289 11 14 0.27024
498 218 10 13 0.26669
611 209 12 14 0.26608
269 112 9 11 0.26558
734 310 12 15 0.26361
243 117 10 12 0.26349
591 171 10 13 0.26248
737 324 12 16 0.26244
291 134 10 13 0.26069
818 342 10 12 0.25972
151 147 9 13 0.25501
672 159 10 12 0.25358
918 549 20 21 0.25244
550 631 16 21 0.25183
466 268 13 15 0.25114
785 142 10 12 0.25096
