11_Meeting_Meeting_11_Meeting_Meeting_11_560
30
323 427 34 42 0.83991
668 411 27 35 0.83505
89 499 40 54 0.83200
193 573 49 68 0.82244
834 443 33 48 0.81533
2 462 31 46 0.80868
560 400 25 31 0.80751
526 416 23 30 0.79920
399 408 21 29 0.79795
199 418 28 32 0.79504
608 415 22 31 0.79082
444 416 23 30 0.78746
759 429 38 55 0.78296
488 401 20 27 0.77554
241 407 21 27 0.76586
77 454 34 38 0.75650
641 397 23 27 0.72217
701 413 18 23 0.71931
744 397 22 31 0.68521
462 397 19 26 0.68120
86 682 39 81 0.66560
356 391 21 27 0.57554
546 388 16 21 0.54282
415 389 16 21 0.53455
501 384 17 20 0.51604
814 383 19 22 0.50142
358 423 19 27 0.49171
627 393 14 19 0.39843
355 409 21 29 0.31005
236 466 23 28 0.25399
