11_Meeting_Meeting_11_Meeting_Meeting_11_385
37
160 208 28 47 0.83829
942 248 55 79 0.81787
768 209 45 54 0.81210
659 160 22 29 0.80573
833 88 24 36 0.77701
713 169 24 33 0.76359
71 220 36 58 0.70932
360 151 17 23 0.70835
833 216 38 45 0.69687
293 168 23 32 0.69411
282 178 21 33 0.68605
37 261 46 74 0.68475
600 147 12 15 0.64346
453 145 12 15 0.62667
191 261 29 34 0.62665
432 101 10 13 0.62664
772 145 13 18 0.61830
911 161 15 18 0.61002
384 149 12 15 0.60796
703 111 11 14 0.60582
757 144 11 17 0.57679
810 175 25 37 0.56745
960 166 13 16 0.55771
642 157 16 22 0.54675
1009 169 13 23 0.53375
972 164 13 16 0.50378
577 108 8 10 0.49721
792 137 10 13 0.48854
525 103 9 12 0.47639
736 99 8 11 0.44917
663 129 9 11 0.44161
649 143 13 15 0.40044
648 147 12 16 0.35256
617 146 13 16 0.34766
790 165 15 19 0.33190
590 148 11 14 0.31919
551 105 7 10 0.27242
