11_Meeting_Meeting_11_Meeting_Meeting_11_587
57
736 249 14 19 0.73339
222 314 17 24 0.72389
9 179 12 16 0.68481
653 280 20 22 0.66916
588 298 16 21 0.65725
193 185 12 15 0.65436
159 254 12 17 0.64219
275 308 17 20 0.61334
416 305 18 23 0.59917
958 237 14 17 0.59558
804 318 17 25 0.59034
723 297 17 20 0.57268
877 227 10 13 0.57069
762 248 13 17 0.53494
773 272 13 18 0.53327
998 396 26 46 0.53084
234 189 10 12 0.52300
545 220 10 13 0.50882
191 241 11 14 0.50228
804 354 18 26 0.49594
849 289 14 18 0.48106
642 215 11 12 0.48000
316 237 12 15 0.47305
47 170 9 11 0.45783
259 237 12 15 0.45029
907 276 12 17 0.44806
362 167 9 12 0.43613
99 177 10 12 0.43140
57 183 10 12 0.42142
658 202 9 11 0.41908
736 155 7 9 0.41018
568 230 12 17 0.40876
816 256 14 16 0.40711
240 168 10 11 0.40696
199 273 13 17 0.40478
272 168 10 14 0.38238
166 165 8 11 0.37994
494 219 10 12 0.36372
387 176 10 12 0.34226
750 212 9 11 0.33762
557 185 9 12 0.33420
490 183 10 12 0.33023
565 319 17 26 0.32953
477 168 8 10 0.32563
304 170 10 11 0.32357
346 289 15 23 0.32020
419 178 9 11 0.31917
443 181 10 13 0.31801
678 218 10 12 0.31583
862 161 7 9 0.31524
922 233 10 12 0.31302
113 158 8 10 0.31092
472 191 9 11 0.31078
436 323 16 21 0.30703
871 261 12 15 0.30313
912 162 7 9 0.28238
428 354 17 21 0.25881
