11_Meeting_Meeting_11_Meeting_Meeting_11_507
36
75 403 36 45 0.86290
55 252 28 35 0.84744
820 356 28 37 0.84009
905 409 39 50 0.82666
131 362 30 37 0.80943
192 241 17 22 0.78299
749 235 15 20 0.74715
241 234 13 18 0.73972
282 288 15 18 0.72608
846 299 17 21 0.70153
811 247 15 20 0.70104
199 362 18 24 0.68196
891 305 27 36 0.65543
308 282 13 17 0.65411
961 247 13 16 0.64007
776 231 12 17 0.63444
1010 248 13 22 0.62040
865 354 20 36 0.59779
663 281 13 17 0.59395
731 272 13 17 0.59307
876 287 14 18 0.56324
255 303 14 18 0.55709
148 293 16 21 0.54885
298 230 11 14 0.54103
686 284 13 16 0.52330
738 323 18 22 0.49041
708 314 17 21 0.48303
631 264 10 12 0.43431
901 231 8 11 0.39418
329 273 13 15 0.38315
647 276 12 14 0.35900
1004 226 10 13 0.33895
697 299 14 20 0.33510
8 310 14 18 0.29420
961 224 9 12 0.28113
217 273 11 15 0.25172
