11_Meeting_Meeting_11_Meeting_Meeting_11_574
56
850 294 28 35 0.83761
958 333 33 43 0.83256
801 264 21 29 0.82652
712 322 31 37 0.82579
197 289 23 29 0.82116
348 301 23 28 0.80790
262 298 21 28 0.80076
356 257 17 23 0.78509
303 258 17 23 0.78183
531 242 18 22 0.78089
971 288 32 36 0.78029
640 284 24 28 0.77777
689 261 18 25 0.77320
400 276 19 25 0.75416
454 220 15 20 0.75203
863 242 21 25 0.74607
483 256 17 24 0.71865
509 236 14 19 0.71026
121 294 20 26 0.69339
741 288 24 30 0.67675
494 222 14 19 0.65649
435 216 13 18 0.65564
513 207 14 19 0.63448
587 193 12 15 0.61813
753 218 13 15 0.61574
54 332 31 66 0.58985
566 199 14 18 0.56896
729 241 13 16 0.56461
127 54 19 31 0.56426
612 200 11 15 0.56167
355 235 14 17 0.55005
806 238 13 16 0.53992
591 231 14 17 0.53694
872 215 16 18 0.46533
706 251 16 20 0.45802
658 205 11 14 0.44931
784 254 17 24 0.44769
920 195 10 14 0.43372
302 131 13 18 0.43031
820 188 10 12 0.40691
705 183 9 11 0.40350
952 258 18 24 0.38797
771 207 12 15 0.36938
468 243 15 18 0.36500
416 236 12 15 0.36080
927 219 14 16 0.36017
639 247 13 17 0.35428
528 206 11 15 0.34988
931 203 13 14 0.33934
399 249 16 19 0.33552
959 241 13 15 0.30409
929 211 13 15 0.29068
783 208 10 14 0.28948
635 191 9 12 0.27019
556 199 12 16 0.26306
691 194 9 11 0.25788
