11_Meeting_Meeting_11_Meeting_Meeting_11_26
29
249 259 17 21 0.76392
780 265 18 23 0.73939
807 277 17 23 0.71970
727 249 14 19 0.70263
219 271 19 25 0.68679
342 238 13 16 0.66982
178 282 18 26 0.63682
829 291 21 27 0.61445
310 252 12 15 0.61223
271 255 12 16 0.60278
166 234 11 14 0.59617
377 235 11 13 0.59313
690 244 10 13 0.58851
423 231 9 12 0.56258
154 310 21 29 0.54573
673 236 11 14 0.53512
656 234 10 14 0.53319
631 233 10 13 0.52504
705 243 11 15 0.52016
401 234 10 13 0.51434
289 247 12 15 0.48075
442 230 9 11 0.47684
200 236 15 18 0.47071
612 228 9 12 0.46892
203 285 15 21 0.45903
749 251 14 19 0.43939
204 276 17 24 0.37009
68 412 45 55 0.31497
351 12 13 16 0.26483
