11_Meeting_Meeting_11_Meeting_Meeting_11_702
57
747 321 60 70 0.87791
443 298 51 59 0.87333
418 238 37 46 0.86877
679 255 43 52 0.86705
792 185 37 44 0.86390
888 245 50 54 0.85951
960 181 43 42 0.85341
822 150 29 33 0.85303
624 192 29 39 0.85098
579 177 23 31 0.84458
3 299 41 38 0.84315
889 162 37 37 0.83804
544 160 20 25 0.83054
375 185 25 30 0.82037
913 119 20 25 0.82025
119 211 28 29 0.81763
720 162 25 33 0.80739
668 148 23 27 0.80690
713 129 20 26 0.79827
409 201 27 34 0.79762
617 139 21 25 0.79244
769 135 23 28 0.79054
402 142 18 24 0.78968
508 132 16 21 0.75920
373 128 17 22 0.75176
944 146 22 25 0.74597
860 127 19 22 0.74581
0 213 18 31 0.74190
944 113 18 21 0.73536
330 131 17 21 0.73522
19 195 29 29 0.73250
358 168 20 24 0.72674
479 129 16 20 0.72530
805 122 16 19 0.71574
685 125 17 20 0.69319
878 108 15 19 0.68897
527 141 18 22 0.68183
981 99 12 15 0.67503
897 100 14 16 0.67015
751 112 14 17 0.66861
42 170 28 30 0.66134
781 110 15 17 0.66037
984 128 22 24 0.61729
698 106 14 18 0.61286
836 118 13 16 0.56228
657 125 15 16 0.54779
922 99 13 15 0.54777
346 156 14 19 0.54270
570 127 14 17 0.53190
1000 103 11 14 0.47322
813 96 11 14 0.46046
753 67 10 13 0.42810
770 73 10 12 0.38529
173 410 26 26 0.36658
803 74 8 10 0.35605
535 120 13 15 0.34926
531 147 20 25 0.29921
