11_Meeting_Meeting_11_Meeting_Meeting_11_774
95
14 600 52 61 0.82521
741 395 18 22 0.77944
402 438 22 29 0.74021
498 420 20 26 0.73351
297 421 20 26 0.72708
235 411 16 21 0.71992
567 472 20 27 0.71661
601 444 19 24 0.70197
708 414 16 21 0.70076
348 417 17 22 0.69860
450 439 17 21 0.68185
765 390 15 20 0.66773
789 352 13 15 0.66752
473 393 15 19 0.66227
270 401 19 24 0.65181
829 309 10 12 0.61828
392 410 15 20 0.60842
411 359 12 15 0.60732
784 299 10 12 0.59944
843 363 12 15 0.57606
883 324 13 15 0.57148
741 356 10 13 0.56982
651 361 13 16 0.55848
323 375 12 16 0.55169
396 388 13 16 0.54936
800 373 16 19 0.54895
506 389 15 19 0.54189
544 466 21 27 0.53802
597 404 15 19 0.53629
826 391 14 18 0.53577
127 389 13 16 0.52740
670 308 8 11 0.50952
109 306 8 10 0.50425
648 449 16 22 0.50254
546 345 9 12 0.50175
13 97 8 10 0.50128
424 388 12 14 0.49968
819 373 12 16 0.48737
521 348 9 11 0.48721
100 396 12 14 0.47029
758 44 12 14 0.46965
175 357 12 14 0.46947
427 410 14 17 0.46731
945 327 11 14 0.46731
196 373 11 14 0.45764
334 296 7 9 0.45559
283 371 11 12 0.45499
719 370 12 16 0.45251
628 396 14 20 0.45106
644 298 8 10 0.44993
604 371 12 15 0.44848
731 347 10 12 0.44643
67 377 11 15 0.43810
526 418 15 19 0.42875
454 379 11 15 0.42637
232 372 11 15 0.42364
164 116 8 9 0.41158
93 101 7 9 0.40566
357 344 11 13 0.40238
103 353 11 14 0.39950
133 351 10 13 0.39806
183 109 7 9 0.38427
184 394 13 17 0.37887
250 382 13 16 0.37846
482 371 12 14 0.36720
582 386 12 16 0.36440
271 349 12 14 0.35293
576 357 9 11 0.34443
349 370 11 15 0.33663
564 342 8 11 0.32092
304 359 13 15 0.31807
332 352 11 13 0.31683
672 52 9 11 0.31560
68 107 7 9 0.31494
203 344 10 13 0.29492
617 348 8 11 0.29424
462 332 8 10 0.29223
38 98 7 9 0.29221
524 305 7 9 0.28517
141 116 7 9 0.28454
707 351 10 12 0.28088
156 345 9 11 0.27783
298 387 13 17 0.27403
498 347 9 11 0.27219
116 110 7 9 0.26934
440 336 8 10 0.26801
232 366 11 14 0.26528
658 388 13 16 0.26363
370 331 8 10 0.25954
180 344 10 11 0.25898
632 346 8 10 0.25489
255 340 9 12 0.25257
215 303 7 8 0.25146
431 356 11 14 0.25139
458 352 10 12 0.25136
