12_Group_Group_12_Group_Group_12_935
290
356 278 17 23 0.78558
134 278 20 27 0.78520
754 177 20 26 0.78214
903 61 19 25 0.76782
634 190 20 27 0.76517
653 311 22 28 0.76489
808 663 21 27 0.75362
328 60 18 23 0.75312
143 598 21 29 0.75264
112 185 20 25 0.75255
513 184 20 26 0.75244
82 572 21 26 0.74679
93 86 17 25 0.74471
442 406 20 26 0.74229
881 117 19 25 0.74085
21 605 20 27 0.74038
18 562 19 27 0.74033
304 285 18 24 0.73871
456 3 18 23 0.73609
404 559 20 27 0.73415
911 25 19 23 0.73125
788 26 19 24 0.73124
278 563 19 24 0.73013
821 94 19 25 0.72787
410 351 19 25 0.72643
500 65 19 23 0.72573
686 186 20 25 0.72262
854 23 19 24 0.72056
520 390 21 27 0.72009
467 158 20 28 0.71944
570 220 18 24 0.71896
700 389 20 26 0.71641
144 82 20 28 0.71607
51 191 19 25 0.71513
648 159 18 22 0.71299
724 509 20 27 0.71230
439 59 19 25 0.71198
814 428 22 29 0.71078
400 20 19 26 0.70996
68 318 20 29 0.70774
720 31 17 23 0.70764
336 24 22 28 0.70655
606 93 18 22 0.70583
531 528 21 26 0.70518
363 2 17 23 0.70415
172 666 22 25 0.70410
614 286 18 23 0.70194
591 159 18 24 0.70113
940 374 20 28 0.70089
463 530 20 25 0.70070
695 594 22 32 0.69990
203 286 20 26 0.69926
653 116 19 25 0.69879
164 533 24 28 0.69793
1003 462 19 33 0.69713
536 355 20 28 0.69652
251 631 20 26 0.69642
770 128 18 23 0.69624
297 191 17 24 0.69605
735 231 18 22 0.69446
204 601 21 27 0.69422
894 635 21 27 0.69340
868 461 21 25 0.69315
553 257 20 24 0.69282
978 151 18 25 0.69011
123 631 20 28 0.68913
941 422 23 32 0.68822
411 524 20 25 0.68764
781 560 22 28 0.68591
800 229 18 23 0.68494
696 150 19 23 0.68336
575 394 20 24 0.68292
848 223 20 22 0.68066
759 380 20 27 0.67977
950 318 19 24 0.67837
534 122 20 25 0.67832
1001 87 18 25 0.67773
543 320 18 24 0.67766
543 487 20 26 0.67727
356 351 20 29 0.67627
243 453 19 24 0.67582
299 155 19 24 0.67543
616 220 19 25 0.67519
227 346 19 24 0.67511
719 558 20 25 0.67489
663 61 18 24 0.67421
616 256 18 20 0.67418
785 286 18 23 0.67351
119 153 23 28 0.67268
820 181 19 23 0.67229
685 217 21 27 0.67228
112 534 21 27 0.67202
561 422 20 24 0.66985
627 4 17 22 0.66976
98 354 19 27 0.66967
363 118 19 26 0.66823
362 484 20 26 0.66753
719 350 18 24 0.66724
215 62 19 24 0.66635
261 412 21 29 0.66596
752 662 22 31 0.66412
15 108 20 28 0.66348
681 5 19 24 0.66227
64 156 19 26 0.65964
988 193 19 25 0.65941
317 425 20 24 0.65879
262 253 16 20 0.65795
891 319 20 24 0.65699
49 527 19 23 0.65598
624 663 21 28 0.65492
435 491 20 25 0.65328
669 356 19 26 0.65293
529 164 22 26 0.65252
463 562 21 28 0.65132
745 494 21 26 0.65114
934 465 22 32 0.65102
620 426 18 25 0.65037
553 288 21 25 0.64636
984 246 22 27 0.64635
596 350 20 25 0.64583
763 422 20 26 0.64547
648 561 22 28 0.64509
217 569 19 25 0.64442
844 528 22 25 0.64023
831 385 19 26 0.63880
234 319 18 22 0.63879
961 352 18 25 0.63869
613 61 19 25 0.63856
74 601 20 25 0.63845
873 426 21 27 0.63815
412 166 17 23 0.63780
771 322 19 23 0.63753
220 523 21 29 0.63722
742 259 19 24 0.63587
950 612 19 26 0.63380
794 491 19 24 0.63186
717 131 18 23 0.63183
549 89 19 26 0.63076
483 114 20 25 0.62833
379 419 20 26 0.62752
614 495 22 27 0.62595
552 666 20 24 0.62139
240 661 21 30 0.61981
934 149 19 23 0.61832
366 92 18 23 0.61609
966 33 17 23 0.61394
920 217 19 22 0.61374
859 487 21 26 0.61328
111 670 22 27 0.61293
33 90 17 24 0.61058
474 348 22 27 0.60958
831 351 18 25 0.60937
55 35 19 21 0.60819
563 462 19 24 0.60766
222 160 16 21 0.60568
887 663 22 29 0.60503
702 286 23 28 0.60493
999 675 20 26 0.60467
123 21 18 22 0.60407
489 291 20 23 0.60367
115 484 21 24 0.60284
316 535 21 26 0.60248
340 383 20 28 0.60097
183 176 17 22 0.60020
944 113 18 23 0.59955
1009 120 15 28 0.59889
505 456 23 30 0.59807
958 66 17 21 0.59645
285 347 21 29 0.59615
21 458 18 23 0.59483
975 494 21 24 0.59360
357 152 19 25 0.59297
809 455 20 28 0.59180
0 634 17 29 0.58975
912 531 18 23 0.58947
904 559 20 26 0.58884
173 313 22 28 0.58882
512 628 20 27 0.58852
358 194 17 21 0.58838
263 110 17 22 0.58673
630 379 21 26 0.58578
832 318 20 25 0.58520
923 243 19 25 0.58457
972 524 22 26 0.58338
742 0 17 20 0.58240
391 60 21 26 0.58086
739 455 19 26 0.57995
134 117 23 29 0.57924
598 529 21 26 0.57799
684 454 20 25 0.57264
230 197 18 23 0.56540
385 204 18 23 0.56483
427 115 20 24 0.56447
9 157 18 24 0.56308
39 394 19 24 0.56290
804 0 17 21 0.56154
151 565 19 26 0.55946
37 266 19 23 0.55799
115 317 19 24 0.55701
294 495 18 24 0.55688
914 500 25 29 0.55657
830 607 18 22 0.55630
38 218 17 22 0.55236
385 640 20 24 0.54855
74 492 19 22 0.54736
764 640 19 24 0.54727
216 383 21 27 0.54581
398 384 20 26 0.54503
191 638 19 27 0.54303
588 565 19 25 0.54147
697 646 21 23 0.54142
553 64 17 21 0.54104
0 47 15 26 0.53969
52 676 22 25 0.53965
246 133 16 20 0.53786
297 322 18 21 0.53776
359 326 18 20 0.53350
776 528 21 27 0.53337
948 91 19 23 0.53332
420 95 17 22 0.53268
433 457 20 23 0.52976
339 559 22 27 0.52849
427 292 19 23 0.52562
41 424 19 25 0.52419
61 636 20 28 0.52045
887 85 18 24 0.51512
282 31 19 23 0.51411
568 643 18 23 0.51383
629 605 23 26 0.51126
487 262 16 20 0.51073
374 656 21 29 0.50965
25 292 16 21 0.50878
674 489 24 30 0.50352
628 640 23 28 0.50198
39 353 18 23 0.50173
280 387 19 24 0.50018
207 93 17 23 0.49917
827 641 22 24 0.49780
158 350 20 25 0.48823
895 363 21 26 0.48795
842 288 17 20 0.48697
322 624 21 25 0.48614
441 646 20 25 0.48004
684 669 18 23 0.47909
149 388 20 24 0.47773
458 190 18 22 0.47495
660 540 19 22 0.46746
942 681 23 26 0.46402
475 323 17 21 0.45446
325 597 19 26 0.45188
510 427 19 22 0.45013
593 130 19 22 0.44952
307 127 15 19 0.44641
1008 387 15 34 0.44520
509 0 21 21 0.44181
0 488 14 25 0.43722
842 554 23 29 0.43173
381 613 18 21 0.42503
770 607 17 20 0.41181
463 388 19 25 0.41131
774 351 19 24 0.40571
170 25 13 16 0.39898
959 566 22 26 0.39566
304 91 18 23 0.39040
235 487 18 23 0.38674
525 609 16 21 0.38452
521 568 21 26 0.37448
581 607 18 25 0.37304
78 295 16 19 0.36932
668 91 18 23 0.36858
569 201 17 20 0.36248
213 1 15 17 0.35424
862 -1 19 17 0.34493
338 484 13 17 0.34073
686 427 21 26 0.33999
423 331 15 18 0.33815
324 254 16 20 0.32882
927 0 18 18 0.32673
975 226 18 21 0.32277
809 442 23 31 0.31266
506 662 18 23 0.31043
189 0 16 19 0.29750
403 134 16 19 0.29255
616 458 18 25 0.26464
821 63 20 24 0.26414
306 671 22 24 0.26381
900 291 19 22 0.26229
243 531 16 20 0.26151
460 53 15 21 0.25523
656 224 16 20 0.25430
