12_Group_Group_12_Group_Group_12_112
37
258 117 37 41 0.86986
318 458 37 45 0.85404
922 318 37 44 0.85007
720 452 35 39 0.84192
454 478 38 43 0.84104
86 303 34 39 0.83870
861 153 33 41 0.83799
180 307 39 42 0.83713
786 120 34 45 0.83543
149 232 34 40 0.83180
542 479 36 41 0.82893
365 152 33 38 0.82466
786 454 38 42 0.82215
700 205 32 43 0.81985
257 314 36 47 0.81666
187 483 36 39 0.80840
580 255 34 37 0.80674
486 262 37 44 0.80430
525 214 35 39 0.80422
672 275 32 35 0.80151
368 317 36 40 0.79998
468 148 34 38 0.79982
363 264 32 38 0.79811
447 237 33 38 0.79776
640 484 36 39 0.79729
742 317 35 42 0.79451
851 245 35 38 0.79188
580 144 30 38 0.79152
233 274 34 36 0.79098
727 248 34 37 0.77510
790 199 38 38 0.76660
395 254 31 36 0.76030
703 160 34 42 0.75503
145 174 33 37 0.74142
263 237 37 39 0.72666
582 214 25 29 0.66234
607 239 33 35 0.52254
