12_Group_Team_Organized_Group_12_Group_Team_Organized_Group_12_418
78
167 354 23 30 0.84975
301 369 26 31 0.84719
315 282 23 29 0.84367
658 305 21 27 0.83313
404 260 23 30 0.82996
470 375 25 33 0.82486
634 364 23 28 0.82080
716 214 17 21 0.80996
807 182 18 23 0.80652
237 350 22 27 0.80583
393 403 24 29 0.80489
150 215 18 24 0.79317
456 217 16 21 0.78704
562 220 18 22 0.78104
257 223 17 21 0.77666
514 289 20 27 0.77206
188 186 16 20 0.77092
619 217 16 19 0.76439
509 210 17 22 0.76344
153 171 18 21 0.76114
666 211 16 20 0.75619
559 371 23 26 0.75545
551 186 15 18 0.75377
28 209 21 24 0.74828
205 205 17 21 0.74278
135 193 17 21 0.73255
306 206 17 22 0.73249
248 185 16 19 0.72950
361 228 15 20 0.72947
407 220 15 21 0.72666
698 187 14 18 0.72304
205 167 17 21 0.71928
403 191 15 17 0.71818
268 135 13 16 0.71741
619 170 15 20 0.71108
600 194 16 21 0.70830
650 107 13 17 0.70261
378 143 14 19 0.70051
648 187 15 19 0.69928
295 33 14 18 0.68488
123 140 15 19 0.68110
93 227 18 20 0.68094
406 164 14 16 0.66465
325 140 12 16 0.65435
461 138 12 16 0.65073
90 187 15 18 0.64710
410 74 13 17 0.64538
359 136 14 17 0.63962
577 171 13 17 0.63688
669 166 15 18 0.63520
483 154 13 17 0.63002
310 183 14 16 0.62772
103 173 15 18 0.61339
645 158 13 15 0.59637
531 144 12 16 0.58260
319 83 16 19 0.57341
610 144 12 15 0.56846
190 73 13 17 0.56477
305 160 15 17 0.56045
355 181 16 20 0.52711
373 80 14 18 0.51860
264 67 12 16 0.51738
239 77 14 17 0.49207
306 142 13 16 0.47558
430 141 12 16 0.46476
595 161 13 15 0.45863
282 86 12 16 0.45168
521 179 13 16 0.44187
512 155 14 17 0.43589
254 164 13 16 0.42821
499 188 13 17 0.41504
485 159 14 18 0.41165
494 167 13 16 0.39763
451 162 13 17 0.38906
554 158 14 16 0.36010
501 143 12 15 0.33591
578 141 12 15 0.32947
226 76 14 17 0.32772
