12_Group_Large_Group_12_Group_Large_Group_12_43
21
223 231 40 49 0.88933
565 271 37 45 0.88448
186 209 34 39 0.88148
648 272 33 42 0.88130
100 237 44 48 0.87972
704 268 33 41 0.87382
815 251 31 33 0.86764
452 224 27 34 0.86653
474 269 32 39 0.86473
384 281 34 41 0.86338
895 280 41 44 0.86183
742 251 32 36 0.86013
615 233 29 36 0.84804
341 215 30 39 0.84585
684 215 24 30 0.84050
778 292 32 37 0.83549
487 206 23 27 0.82053
545 246 25 34 0.79822
546 208 20 25 0.79136
403 203 21 26 0.73774
641 218 17 23 0.52067
