12_Group_Team_Organized_Group_12_Group_Team_Organized_Group_12_927
35
910 149 30 38 0.88195
582 273 29 39 0.87448
745 152 26 34 0.86940
404 196 26 33 0.85115
554 207 25 32 0.85009
969 164 27 33 0.84794
511 285 30 38 0.84754
347 179 27 36 0.84697
796 186 24 32 0.84590
667 370 27 38 0.84482
670 291 25 34 0.84469
168 174 35 47 0.84212
443 172 26 33 0.84160
677 174 25 32 0.84102
504 180 24 33 0.83987
288 170 27 36 0.83985
214 199 27 34 0.83648
844 165 27 35 0.83597
784 316 24 32 0.83429
605 211 22 27 0.83025
633 157 25 32 0.82703
713 155 23 28 0.82672
1000 196 24 37 0.81642
580 181 23 29 0.81553
863 338 24 33 0.81545
725 340 26 32 0.79776
478 156 22 27 0.79072
812 338 22 26 0.76903
401 166 27 33 0.76614
548 178 22 27 0.75717
740 425 23 27 0.73446
124 189 27 35 0.72828
797 163 21 27 0.72602
526 181 22 29 0.69431
363 165 22 26 0.63661
