12_Group_Team_Organized_Group_12_Group_Team_Organized_Group_12_83
24
730 380 166 235 0.89309
301 239 33 48 0.82849
807 221 60 73 0.82140
86 278 32 38 0.80943
146 286 27 37 0.79492
111 239 28 35 0.78197
38 259 22 25 0.74869
960 192 17 22 0.73458
399 245 32 40 0.72810
209 271 19 25 0.72188
904 242 22 29 0.69559
29 323 22 27 0.68810
997 193 19 24 0.65611
731 225 17 21 0.58500
0 343 16 33 0.58354
182 260 23 26 0.58196
916 205 14 16 0.56599
11 264 18 24 0.56300
587 263 24 31 0.45486
143 261 19 25 0.43536
1004 240 15 20 0.34344
201 300 22 33 0.32384
954 242 17 21 0.32380
14 297 17 24 0.25819
