12_Group_Team_Organized_Group_12_Group_Team_Organized_Group_12_503
33
951 203 38 45 0.88930
868 199 37 44 0.88523
25 179 42 49 0.88280
542 179 41 50 0.88167
429 188 37 46 0.88027
267 104 32 40 0.87236
367 45 30 35 0.87078
95 104 37 40 0.86865
881 112 35 42 0.86818
490 72 35 41 0.86724
329 88 35 41 0.86619
656 79 34 40 0.86590
410 75 32 38 0.86529
574 79 36 41 0.86442
756 202 38 45 0.86410
645 206 34 42 0.86364
723 102 35 39 0.86323
628 49 28 39 0.86309
136 174 39 44 0.86300
796 92 38 42 0.86255
299 56 27 34 0.85116
748 64 27 34 0.85097
242 194 36 45 0.84960
157 50 29 36 0.84675
190 94 35 43 0.84396
337 206 34 41 0.84365
228 43 27 32 0.84334
559 39 28 34 0.83312
884 72 30 33 0.83157
489 24 27 32 0.81853
434 39 26 37 0.81020
828 65 28 33 0.78978
689 64 28 36 0.76945
