12_Group_Group_12_Group_Group_12_28
23
72 21 38 49 0.88269
386 196 41 55 0.88090
704 84 42 54 0.87938
245 256 42 51 0.87610
168 37 34 44 0.87389
551 110 40 48 0.87312
127 125 44 55 0.86861
612 98 41 53 0.86045
905 110 44 53 0.85972
177 200 37 46 0.85936
107 70 38 46 0.85818
521 255 37 47 0.85659
210 103 36 50 0.85263
790 76 39 52 0.85217
302 133 36 46 0.85005
664 57 37 51 0.84923
260 150 39 51 0.84796
514 59 34 45 0.84686
461 233 34 45 0.84526
800 135 45 55 0.81997
231 77 38 50 0.80035
617 48 37 41 0.76987
919 70 40 50 0.74755
