12_Group_Group_12_Group_Group_12_367
24
324 364 28 33 0.85994
260 366 26 33 0.85884
520 340 23 27 0.85276
694 350 27 35 0.85020
611 290 23 32 0.84954
626 356 26 32 0.84650
567 324 22 29 0.84222
203 341 24 31 0.83888
214 298 25 31 0.83606
653 322 25 30 0.83439
519 286 25 30 0.83376
293 263 21 27 0.83370
457 356 26 29 0.83074
394 344 24 29 0.83036
383 270 23 27 0.82961
424 283 24 29 0.82806
470 282 21 25 0.82635
286 306 21 27 0.82051
437 331 22 30 0.81801
547 369 26 32 0.81783
560 281 21 26 0.81541
635 266 22 27 0.81182
350 295 24 27 0.81074
201 259 22 27 0.81063
