12_Group_Large_Group_12_Group_Large_Group_12_253
49
130 416 38 48 0.86477
486 365 33 43 0.86445
972 390 32 41 0.85700
21 435 34 44 0.85172
40 265 32 40 0.85062
161 264 32 39 0.84798
935 260 26 32 0.84673
244 401 31 40 0.84335
545 334 30 38 0.83709
677 322 29 36 0.83660
352 423 30 40 0.83315
88 244 28 35 0.83181
160 210 25 35 0.83063
354 226 30 39 0.82966
861 251 26 35 0.82654
796 232 25 31 0.82578
297 227 25 34 0.82072
615 286 28 34 0.81964
499 211 22 27 0.80888
409 237 27 34 0.80620
460 234 26 33 0.80583
262 222 22 25 0.80568
873 387 30 37 0.80056
709 246 24 33 0.79960
331 201 22 28 0.79890
281 262 26 32 0.79839
29 202 28 34 0.79777
590 424 28 34 0.79708
636 226 24 31 0.79408
682 237 22 27 0.79403
120 200 22 30 0.79376
206 198 23 28 0.79326
657 385 31 40 0.79094
607 323 25 33 0.78927
765 261 21 27 0.78801
561 207 22 28 0.78661
759 374 27 32 0.77945
393 198 25 30 0.77825
734 234 19 27 0.77444
613 210 22 27 0.77399
0 242 21 34 0.77344
212 269 30 33 0.77103
767 203 20 25 0.76023
895 238 22 32 0.75172
861 225 21 24 0.68212
395 439 36 39 0.64542
458 204 23 26 0.61226
284 247 29 40 0.35843
776 230 18 22 0.28368
