12_Group_Large_Group_12_Group_Large_Group_12_315
98
495 378 31 38 0.86649
807 386 39 46 0.86344
601 303 25 32 0.85755
753 266 33 41 0.85615
693 410 35 42 0.85512
293 358 19 25 0.84926
181 408 25 30 0.84487
648 305 29 36 0.84207
794 256 28 39 0.83947
368 359 25 30 0.83824
578 404 34 46 0.83808
258 409 22 31 0.83562
156 341 21 26 0.83461
119 344 22 26 0.83100
116 424 26 31 0.82995
535 331 21 27 0.82448
335 381 21 27 0.82100
478 330 24 30 0.82050
949 448 21 28 0.81742
682 274 27 32 0.81379
503 315 21 27 0.80737
926 409 20 24 0.80657
447 329 19 24 0.80509
185 340 21 26 0.80477
354 279 16 21 0.80263
475 260 16 20 0.79839
311 278 17 22 0.79237
228 334 21 25 0.79223
898 350 17 22 0.78571
429 348 20 25 0.78306
370 319 19 26 0.77830
882 392 21 26 0.77790
884 419 19 25 0.76524
321 352 18 22 0.76304
499 271 17 21 0.76084
861 411 20 25 0.74583
952 384 17 20 0.73770
191 317 20 22 0.73706
406 296 17 22 0.73588
435 223 14 19 0.73537
452 282 15 19 0.73440
386 288 17 22 0.73297
488 305 20 24 0.72971
553 236 15 19 0.71816
381 269 13 17 0.71747
287 314 15 19 0.70891
536 255 15 19 0.70709
266 339 19 23 0.70189
481 218 14 18 0.68210
349 309 16 20 0.67937
495 242 14 19 0.66910
414 267 14 18 0.66709
397 257 13 18 0.66347
430 315 15 19 0.65847
209 342 16 20 0.65252
579 218 14 16 0.64995
419 241 13 16 0.64774
455 214 13 15 0.64622
390 313 15 20 0.63668
456 234 13 16 0.63390
570 238 13 19 0.63137
518 209 12 15 0.61980
321 326 15 18 0.61210
445 260 14 19 0.61011
508 228 12 14 0.59889
665 144 11 13 0.58173
527 233 12 16 0.57918
837 59 11 13 0.57279
499 215 11 16 0.56780
657 184 11 14 0.55936
705 143 11 14 0.54424
566 199 10 13 0.52634
612 164 10 13 0.52420
772 138 9 11 0.51920
134 329 17 21 0.50475
553 214 11 14 0.50242
751 132 9 11 0.49994
724 136 9 11 0.49081
594 188 11 14 0.47275
536 211 11 15 0.46149
796 137 9 11 0.44885
475 242 14 17 0.44739
679 149 10 13 0.43112
693 168 10 13 0.42700
608 202 10 13 0.40989
811 127 10 13 0.38544
614 219 11 14 0.37782
597 215 10 13 0.35002
833 76 10 13 0.34968
561 237 15 20 0.33636
668 166 10 12 0.31974
703 141 9 13 0.29886
679 165 11 13 0.29067
656 162 10 13 0.27702
835 115 10 12 0.27412
698 143 10 13 0.26748
610 182 12 14 0.26532
830 122 9 12 0.26513
