12_Group_Team_Organized_Group_12_Group_Team_Organized_Group_12_283
62
889 265 20 27 0.85837
441 329 21 28 0.85181
587 235 21 27 0.84620
233 255 24 29 0.84243
559 238 23 28 0.83507
297 348 21 27 0.83403
134 331 27 32 0.83177
360 339 23 29 0.83075
234 344 25 33 0.83033
431 244 24 31 0.82996
673 356 20 26 0.82518
734 285 20 24 0.82378
265 248 21 26 0.82298
671 270 20 26 0.82184
768 244 20 24 0.82047
354 263 19 24 0.81422
575 358 21 27 0.80783
331 260 17 23 0.80670
69 234 21 26 0.80511
459 250 21 26 0.80357
385 229 21 24 0.80275
520 347 20 25 0.79829
824 245 21 27 0.79799
736 229 18 23 0.79689
844 247 21 26 0.79617
667 234 19 23 0.79563
107 236 22 23 0.79498
624 261 19 24 0.79496
64 319 25 30 0.79379
96 260 18 22 0.79056
800 240 20 25 0.78723
306 267 19 23 0.78697
952 264 19 22 0.78690
654 258 18 23 0.78687
612 234 21 25 0.78355
390 258 19 23 0.78192
710 243 19 23 0.77412
520 260 17 22 0.76713
149 252 16 20 0.76618
480 213 19 23 0.76428
477 270 21 25 0.76168
178 262 20 22 0.74792
215 230 19 24 0.73694
204 238 18 21 0.72815
412 243 18 23 0.72551
176 227 14 18 0.72430
701 230 14 18 0.72146
134 235 16 21 0.70110
521 222 18 20 0.67967
646 231 14 19 0.67377
335 240 18 21 0.66277
248 234 15 18 0.63741
283 233 17 21 0.61976
317 219 13 17 0.61175
359 242 19 23 0.60681
703 233 19 23 0.52886
305 229 15 17 0.48243
361 233 18 23 0.39221
305 255 19 23 0.36184
537 248 15 19 0.32522
469 230 17 21 0.32390
398 355 12 16 0.27421
