12_Group_Group_12_Group_Group_12_268
27
486 191 34 45 0.87990
706 384 39 45 0.87694
571 222 34 45 0.87478
585 363 37 47 0.87285
342 353 42 56 0.87150
459 326 36 48 0.87101
444 216 34 46 0.86975
245 349 37 46 0.86475
809 394 42 50 0.86378
625 218 35 46 0.86299
154 346 43 54 0.86299
808 225 30 39 0.86070
150 263 31 40 0.86067
703 191 31 41 0.85484
218 209 35 41 0.85409
854 229 33 42 0.85391
914 320 35 45 0.85177
758 211 32 44 0.84767
369 209 33 40 0.83574
104 245 36 45 0.83527
727 264 34 43 0.83449
897 207 36 54 0.80193
306 244 29 34 0.78347
241 92 24 27 0.71232
426 166 27 33 0.68632
603 200 32 38 0.57737
152 218 19 24 0.35487
