12_Group_Team_Organized_Group_12_Group_Team_Organized_Group_12_685
41
403 161 64 78 0.86499
648 982 63 74 0.86081
540 989 42 63 0.84338
426 988 56 65 0.81268
324 761 26 33 0.75495
852 859 28 36 0.74746
166 766 24 31 0.71405
756 864 25 31 0.71302
801 770 24 31 0.71269
91 634 23 30 0.70349
563 765 26 34 0.69299
645 776 27 32 0.68922
728 758 25 31 0.68705
27 642 20 27 0.65202
681 719 23 29 0.64705
603 718 23 28 0.64160
642 870 24 29 0.60946
303 862 26 32 0.59888
592 608 20 25 0.58041
77 757 22 28 0.57343
752 712 24 29 0.54867
536 720 22 27 0.53770
360 647 22 28 0.53416
482 661 23 29 0.52332
704 666 21 26 0.50962
278 640 23 29 0.49841
564 654 23 28 0.49126
658 608 19 24 0.48165
849 751 30 38 0.46807
945 615 24 32 0.45677
623 659 22 27 0.43278
488 865 28 37 0.41869
905 569 19 25 0.41839
961 567 21 28 0.41731
957 827 38 44 0.40162
209 677 22 28 0.39713
47 743 21 29 0.39309
519 609 19 23 0.37656
1003 677 20 29 0.31818
935 764 28 32 0.31781
421 609 33 39 0.25054
