12_Group_Team_Organized_Group_12_Group_Team_Organized_Group_12_617
23
564 157 39 51 0.86796
195 190 49 63 0.85832
909 194 43 50 0.85662
654 156 17 22 0.78897
804 161 19 26 0.77757
67 202 26 28 0.76253
357 229 23 30 0.75461
848 131 19 28 0.75134
276 178 15 19 0.73203
757 169 17 22 0.72113
979 158 18 22 0.58626
257 221 21 28 0.55606
384 159 12 16 0.54022
299 170 13 17 0.53852
632 165 12 16 0.51994
351 169 12 16 0.39613
966 174 17 24 0.34049
350 179 11 15 0.33900
713 151 16 23 0.33763
269 225 19 25 0.33721
692 176 9 11 0.33442
442 203 8 10 0.30098
512 189 7 9 0.29002
