12_Group_Large_Group_12_Group_Large_Group_12_120
268
795 446 12 15 0.64012
363 449 13 16 0.58614
926 386 13 17 0.58523
691 451 13 16 0.58028
386 390 13 17 0.57511
756 244 10 13 0.57234
819 245 10 12 0.56336
545 451 12 16 0.56073
312 397 12 16 0.55950
442 446 12 16 0.55469
431 321 11 15 0.55371
718 445 15 19 0.55214
734 243 10 12 0.54539
829 448 12 16 0.54404
146 458 13 16 0.54049
718 346 10 14 0.53468
337 222 9 11 0.53342
322 294 11 14 0.53141
122 452 10 12 0.53071
153 240 11 14 0.52985
358 220 9 12 0.52967
882 357 12 16 0.52913
78 450 13 16 0.52316
571 296 12 15 0.52116
679 242 11 13 0.51681
763 268 12 14 0.51364
692 418 13 17 0.51019
231 221 10 12 0.50861
412 321 11 14 0.50856
85 423 12 15 0.50792
912 296 11 14 0.50693
820 325 11 14 0.50551
619 219 9 12 0.50499
475 451 13 16 0.50367
82 223 10 12 0.50279
425 269 11 14 0.49850
330 245 11 14 0.49625
550 293 11 15 0.49445
289 296 12 14 0.49083
130 301 12 14 0.48727
474 288 11 15 0.48632
269 271 12 15 0.48411
43 399 11 15 0.48400
411 246 10 14 0.48368
174 222 10 12 0.48333
796 322 11 14 0.48265
283 221 8 12 0.48179
619 239 11 13 0.48112
489 217 10 12 0.48050
579 448 12 15 0.47979
230 269 11 13 0.47607
348 394 12 15 0.47515
475 419 13 18 0.47360
56 422 12 14 0.47327
449 381 12 16 0.47294
27 387 11 13 0.47140
547 391 12 15 0.47115
690 346 11 14 0.47070
220 244 11 14 0.47029
959 421 12 15 0.46945
541 218 9 12 0.46928
308 246 11 14 0.46898
715 268 11 13 0.46718
243 324 10 14 0.46542
719 303 10 14 0.46506
523 218 10 12 0.46449
662 242 10 13 0.46272
597 295 10 13 0.46194
742 348 11 14 0.46146
569 220 10 11 0.46009
227 384 11 15 0.46000
208 324 11 14 0.45918
916 271 10 12 0.45769
468 390 13 18 0.45740
665 393 11 14 0.45688
103 281 10 12 0.45527
737 293 10 14 0.45480
94 327 10 14 0.45291
192 221 9 12 0.45283
334 321 12 15 0.45267
295 321 12 15 0.45227
852 450 12 15 0.44951
653 345 11 15 0.44920
278 396 11 15 0.44905
884 298 10 12 0.44888
599 220 9 12 0.44863
450 292 11 15 0.44822
611 449 11 15 0.44730
473 247 11 14 0.44620
563 264 10 14 0.44597
466 217 9 11 0.44306
217 299 10 13 0.44289
902 347 11 15 0.44225
180 326 10 14 0.44095
257 450 11 15 0.44043
634 345 11 15 0.43829
876 418 12 15 0.43769
583 391 12 15 0.43764
393 321 11 14 0.43611
527 344 11 14 0.43517
120 396 12 14 0.43472
377 219 9 11 0.43308
642 237 11 14 0.43234
516 296 10 13 0.43230
608 370 12 16 0.43181
192 419 12 14 0.43151
410 384 11 15 0.43079
198 393 11 15 0.42747
722 222 9 11 0.42703
220 355 11 15 0.42697
625 387 12 15 0.42566
628 265 11 14 0.42485
699 246 11 13 0.42379
422 416 11 15 0.42322
765 425 11 14 0.42194
774 242 11 13 0.41832
885 450 12 16 0.41767
885 393 11 14 0.41265
487 382 12 15 0.41161
346 293 10 13 0.40820
902 390 11 14 0.40498
508 411 13 16 0.40433
450 419 12 16 0.40321
353 322 12 15 0.40309
395 414 13 17 0.40191
249 220 9 12 0.40138
694 267 10 13 0.39984
520 265 10 14 0.39909
367 384 12 16 0.39904
291 448 12 14 0.39886
653 449 12 14 0.39579
692 323 12 14 0.39548
376 321 11 14 0.39436
141 358 10 12 0.39386
496 303 11 14 0.39355
640 299 10 12 0.39256
344 269 11 14 0.39225
268 322 11 15 0.39071
804 296 12 13 0.38865
408 271 11 14 0.38737
384 245 10 13 0.38689
272 295 11 14 0.38576
774 389 12 14 0.38455
571 239 11 15 0.38358
864 295 10 13 0.38346
505 217 10 12 0.38169
435 246 11 14 0.38079
78 242 9 12 0.38072
590 266 11 14 0.38068
75 302 10 14 0.37887
70 328 11 14 0.37860
210 224 9 12 0.37799
394 219 8 11 0.37762
252 297 11 14 0.37645
443 269 11 14 0.37591
841 297 11 13 0.37109
225 454 12 15 0.37089
957 444 13 18 0.37023
368 272 11 13 0.36930
507 389 12 16 0.36928
158 391 12 16 0.36879
849 417 12 14 0.36801
538 266 11 13 0.36770
944 351 9 11 0.36754
846 277 11 14 0.36542
390 349 12 15 0.36395
510 452 12 15 0.36391
670 419 11 15 0.36378
291 272 11 13 0.36358
100 299 11 14 0.36281
451 319 11 14 0.36158
266 219 8 11 0.36126
86 282 10 13 0.36120
525 379 13 17 0.36103
700 387 12 16 0.36091
562 378 12 17 0.36029
605 345 11 14 0.35825
182 245 11 14 0.35733
642 220 10 12 0.35728
647 418 12 15 0.35415
766 291 11 14 0.35343
888 280 9 13 0.35159
148 326 11 13 0.35067
362 419 13 16 0.34981
350 351 11 14 0.34899
456 240 11 13 0.34647
790 383 12 15 0.34592
426 390 11 15 0.34556
328 350 11 14 0.34300
592 240 10 13 0.34044
199 244 10 13 0.34008
527 322 11 15 0.33897
363 291 11 15 0.33861
429 218 8 11 0.33837
155 301 10 12 0.33727
429 294 12 14 0.33578
112 355 11 14 0.33371
405 445 12 17 0.33285
249 417 12 14 0.33146
610 324 11 15 0.32937
851 383 13 17 0.32798
588 328 12 16 0.32731
548 324 11 15 0.32519
317 221 9 11 0.32374
652 325 12 14 0.32245
121 328 11 14 0.32173
879 330 10 14 0.32169
552 237 11 13 0.32118
672 346 10 14 0.32078
188 271 13 15 0.31938
187 458 12 14 0.31933
828 273 10 14 0.31900
336 425 10 13 0.31813
553 344 11 14 0.31733
413 218 8 11 0.31656
736 270 11 14 0.31654
201 355 11 14 0.31497
511 235 10 13 0.31397
182 357 10 12 0.31333
112 421 11 13 0.31134
449 218 8 10 0.31017
462 267 12 16 0.31001
55 329 9 13 0.30890
702 303 9 12 0.30761
622 298 10 13 0.30656
60 269 10 13 0.30578
797 352 10 12 0.30575
555 220 8 10 0.30464
257 379 13 16 0.30351
427 357 12 14 0.30314
243 247 10 14 0.30168
810 273 10 13 0.30155
769 223 10 11 0.30060
935 420 12 16 0.30019
120 279 10 12 0.29902
279 420 13 16 0.29865
762 348 11 14 0.29761
116 229 8 10 0.29648
169 421 11 13 0.29491
355 244 10 13 0.29404
494 355 11 13 0.29254
738 420 11 14 0.29249
621 417 12 15 0.28788
675 267 10 14 0.28709
153 279 9 12 0.28653
821 352 11 14 0.28500
813 391 10 14 0.28142
502 262 11 14 0.27917
211 270 10 13 0.27761
824 416 12 14 0.27645
824 385 12 15 0.27397
411 292 9 11 0.27248
736 392 12 14 0.27171
582 348 10 13 0.27025
825 295 10 13 0.26985
762 453 11 14 0.26658
169 299 10 13 0.26303
856 251 9 12 0.26302
851 329 10 13 0.26221
137 225 9 11 0.26098
511 322 10 14 0.26073
370 351 12 15 0.25770
280 356 10 13 0.25684
838 251 10 12 0.25523
867 280 9 12 0.25188
863 356 10 14 0.25176
38 330 9 12 0.25048
488 317 11 14 0.25004
