12_Group_Team_Organized_Group_12_Group_Team_Organized_Group_12_186
47
824 197 30 38 0.87425
971 342 30 40 0.87077
309 381 28 35 0.86962
69 156 31 39 0.86770
860 326 30 39 0.86624
469 308 28 37 0.86361
448 393 30 38 0.86110
192 175 28 37 0.86097
598 361 28 36 0.86057
200 359 33 40 0.85985
112 172 27 36 0.85923
530 344 27 35 0.85693
224 203 29 37 0.85644
15 180 28 37 0.85606
717 353 28 34 0.85577
326 157 25 31 0.85487
340 312 27 33 0.85455
657 368 26 35 0.85283
396 368 28 37 0.84911
754 225 27 35 0.84903
719 175 24 30 0.84765
460 190 26 31 0.84537
559 197 26 32 0.84445
675 195 25 31 0.84354
901 194 28 34 0.84308
762 155 26 30 0.84204
148 195 27 31 0.84087
367 193 27 34 0.83976
296 271 27 33 0.83703
401 145 26 36 0.83692
268 196 26 34 0.83645
575 111 22 30 0.83496
163 147 27 33 0.83271
515 195 24 29 0.83169
252 147 24 29 0.83153
697 220 27 34 0.83094
494 165 24 29 0.82247
583 155 24 31 0.82022
365 158 24 28 0.81964
625 206 26 29 0.81820
601 186 24 33 0.81676
675 156 22 28 0.81043
448 163 22 28 0.80953
723 145 22 26 0.78488
513 104 20 24 0.76142
283 168 24 27 0.76024
722 155 24 30 0.29103
