12_Group_Team_Organized_Group_12_Group_Team_Organized_Group_12_778
67
931 149 30 36 0.86183
227 279 24 30 0.85796
782 302 25 31 0.85792
581 99 21 27 0.85225
848 189 27 31 0.84761
170 285 24 29 0.84352
709 304 24 29 0.84260
494 224 20 26 0.84162
555 227 21 27 0.83878
178 213 21 26 0.83799
586 299 24 32 0.83786
717 119 25 29 0.83762
440 227 19 26 0.83670
765 115 24 30 0.83388
276 228 21 26 0.83227
646 299 25 31 0.83130
210 50 19 26 0.83125
384 228 19 25 0.83110
847 131 24 29 0.83090
405 309 24 29 0.82967
61 283 23 29 0.82958
497 88 24 28 0.82778
109 283 24 29 0.82591
330 229 19 24 0.82572
434 82 22 28 0.82491
877 133 23 28 0.82479
539 65 21 27 0.82457
344 288 23 30 0.82375
466 294 23 30 0.82342
518 295 22 30 0.82032
234 222 20 26 0.82008
892 167 24 31 0.81959
818 139 24 30 0.81687
663 90 22 27 0.81661
163 94 20 24 0.81541
231 98 19 24 0.81534
612 230 20 25 0.81478
654 229 20 27 0.81305
369 82 22 28 0.81305
288 292 22 27 0.81287
294 100 21 26 0.81154
465 65 20 26 0.81014
345 54 20 26 0.80327
693 121 23 28 0.80222
413 56 19 25 0.80071
579 59 19 24 0.80022
831 99 22 26 0.79751
707 54 21 25 0.79618
511 59 22 28 0.79554
623 92 20 23 0.79519
689 76 20 24 0.79103
318 74 20 25 0.78816
748 93 20 27 0.78634
283 62 20 24 0.78513
806 77 21 26 0.78460
717 88 21 24 0.78277
787 92 21 25 0.77154
903 138 24 29 0.76940
250 78 19 23 0.76742
743 67 20 25 0.76220
388 68 19 25 0.74297
805 117 20 24 0.70611
644 79 17 23 0.69725
599 78 16 21 0.59800
891 134 23 31 0.40574
246 83 19 25 0.39156
661 71 16 18 0.33715
