12_Group_Large_Group_12_Group_Large_Group_12_228
21
827 406 18 23 0.81375
154 414 17 21 0.81306
869 421 17 20 0.80938
743 407 18 23 0.80799
429 414 16 21 0.79827
202 409 16 20 0.79771
654 418 18 23 0.79753
483 397 17 21 0.79532
293 406 17 21 0.79192
110 409 17 21 0.79175
906 413 17 22 0.78884
781 410 17 21 0.78568
525 408 18 22 0.78554
607 412 17 21 0.78509
698 415 18 21 0.77925
564 405 17 21 0.77755
337 411 16 20 0.77479
248 410 16 20 0.76872
393 411 16 21 0.74366
305 476 16 19 0.70692
464 500 14 17 0.37293
