12_Group_Group_12_Group_Group_12_227
31
179 258 38 46 0.88366
425 225 31 39 0.87513
389 242 36 44 0.87372
240 275 34 43 0.87181
386 307 35 43 0.87095
695 217 31 39 0.87074
548 281 32 41 0.86881
732 186 30 37 0.86805
379 127 28 32 0.86785
396 182 29 37 0.86451
731 269 36 42 0.86347
839 195 28 37 0.86093
605 221 32 39 0.86003
239 179 30 38 0.85873
637 152 31 38 0.85831
339 156 27 34 0.85829
299 182 29 37 0.85772
810 258 31 41 0.85755
478 273 32 42 0.85712
647 276 30 42 0.85710
472 123 27 37 0.85630
444 151 30 38 0.85545
718 148 28 36 0.85433
591 277 40 57 0.85230
567 184 27 37 0.85080
327 220 29 39 0.85021
649 206 30 36 0.85009
487 201 27 34 0.84719
300 262 33 38 0.84515
510 224 33 42 0.84362
555 134 27 38 0.81874
