12_Group_Group_12_Group_Group_12_379
31
869 171 31 37 0.90219
894 228 34 44 0.88942
481 119 31 39 0.88436
430 154 34 41 0.88412
425 247 34 44 0.88269
763 153 30 39 0.87639
732 219 34 41 0.87450
189 100 33 43 0.87285
331 242 33 42 0.87249
629 232 36 40 0.87215
535 234 34 42 0.87184
241 234 32 40 0.87069
664 124 30 35 0.86980
360 155 29 37 0.86879
522 112 30 37 0.86744
79 232 34 41 0.86633
156 244 31 40 0.86500
285 112 29 35 0.86499
581 135 29 34 0.86432
845 115 31 38 0.85999
799 242 33 40 0.85923
295 167 29 37 0.85792
613 112 29 34 0.85623
728 133 29 32 0.85395
792 106 28 34 0.85201
534 166 32 37 0.84489
416 102 29 30 0.84326
637 179 29 35 0.83746
156 186 30 37 0.83564
382 116 30 37 0.83161
225 174 29 35 0.80520
