12_Group_Team_Organized_Group_12_Group_Team_Organized_Group_12_412
21
577 401 45 57 0.86996
889 222 39 51 0.85890
705 201 38 45 0.85347
496 226 36 50 0.84733
761 178 33 42 0.84349
604 333 36 50 0.84249
555 234 34 44 0.84077
232 200 38 54 0.83867
330 217 37 46 0.83351
116 190 36 44 0.83017
388 220 38 49 0.82574
780 58 31 39 0.82529
141 215 34 51 0.80829
663 225 33 44 0.80609
965 133 39 54 0.79525
6 208 40 42 0.77642
495 175 29 40 0.73922
912 210 29 40 0.49955
473 239 21 29 0.36843
592 224 27 40 0.34283
205 202 24 28 0.33871
