12_Group_Large_Group_12_Group_Large_Group_12_107
23
838 191 37 48 0.88405
297 325 36 42 0.88182
545 295 35 46 0.88130
188 378 41 53 0.87886
717 371 40 50 0.87738
468 377 36 44 0.87208
635 311 36 46 0.86865
590 206 33 43 0.86849
79 214 45 52 0.86793
549 192 28 39 0.86761
700 193 31 42 0.86680
300 202 35 40 0.86654
510 205 34 41 0.86555
346 214 29 37 0.86380
466 202 30 35 0.85942
160 204 35 44 0.85859
757 197 34 45 0.85847
386 314 37 46 0.85326
231 174 36 47 0.85224
432 239 34 42 0.84434
644 215 31 38 0.83308
410 205 30 36 0.83163
617 181 28 33 0.81137
