13_Interview_Interview_On_Location_13_313
38
451 497 28 36 0.84494
220 444 26 33 0.83915
802 363 24 33 0.83667
307 346 24 30 0.82840
774 333 22 29 0.82524
598 370 25 33 0.82461
880 319 25 34 0.82041
830 336 25 33 0.81831
295 476 28 34 0.81407
263 355 23 28 0.80695
155 355 20 26 0.80533
494 363 24 28 0.80332
558 363 25 31 0.80161
177 372 23 30 0.80110
625 341 21 29 0.79703
413 366 23 28 0.79487
115 349 24 27 0.78511
362 348 24 28 0.78223
739 333 24 30 0.78104
659 338 23 30 0.77679
808 323 22 26 0.77650
591 477 23 32 0.77412
214 364 18 25 0.74931
960 353 26 29 0.73887
932 347 24 30 0.73251
656 475 26 34 0.73133
519 362 17 25 0.72623
38 354 23 32 0.68246
391 359 18 23 0.65330
60 355 26 35 0.57162
444 357 18 21 0.56981
209 343 16 18 0.50003
728 302 15 20 0.42294
708 360 19 25 0.41955
242 348 15 20 0.41085
632 329 21 27 0.33830
701 326 15 20 0.33514
640 324 21 26 0.33270
