14_Traffic_Traffic_14_840
75
143 276 34 38 0.86463
20 284 36 40 0.84708
53 252 31 34 0.84691
704 276 29 35 0.84648
92 254 29 33 0.83313
490 272 33 39 0.82840
920 269 37 38 0.82668
807 283 30 34 0.81993
277 273 35 38 0.81863
608 287 29 34 0.81788
381 289 33 39 0.78099
628 240 25 29 0.77185
773 266 25 31 0.75791
669 265 27 30 0.75529
187 264 29 33 0.75433
314 254 24 28 0.73733
27 211 14 17 0.72938
961 262 25 30 0.72761
861 263 27 30 0.71727
935 167 13 17 0.71218
707 241 26 27 0.70917
740 223 21 22 0.70703
52 201 15 20 0.70285
792 217 16 20 0.67598
414 228 20 23 0.66979
755 147 12 14 0.65378
576 207 14 17 0.64959
627 212 15 17 0.64684
133 240 24 25 0.63848
576 260 29 31 0.62933
748 259 25 28 0.59133
517 211 13 16 0.58422
257 235 32 31 0.56593
976 188 10 12 0.56016
1 197 13 19 0.53373
215 255 21 27 0.53349
389 267 31 33 0.53082
665 186 12 14 0.52907
612 242 16 21 0.51700
496 187 10 13 0.50587
890 172 13 18 0.50140
323 203 11 13 0.50122
192 183 10 13 0.48957
104 167 14 18 0.48781
633 191 12 14 0.47850
707 212 13 17 0.45971
614 199 13 15 0.44230
1012 219 11 24 0.43370
863 195 10 15 0.42382
226 203 15 20 0.42244
884 239 21 24 0.41906
533 229 12 15 0.41514
25 191 11 15 0.39599
340 234 21 26 0.38774
695 195 11 14 0.38743
800 185 13 15 0.38433
265 200 15 17 0.37874
409 188 9 11 0.35575
629 152 9 10 0.33364
133 197 13 16 0.33082
53 157 8 10 0.32753
600 227 13 17 0.31643
289 211 12 16 0.31552
525 154 9 11 0.30086
584 191 12 14 0.29677
596 153 8 10 0.28337
772 189 11 15 0.28155
899 173 12 17 0.27960
611 157 8 10 0.27719
873 200 12 15 0.27222
474 248 24 29 0.27174
572 150 8 9 0.26902
649 220 15 17 0.26073
309 244 17 23 0.25669
6 199 12 17 0.25594
