16_Award_Ceremony_Awards_Ceremony_16_73
51
409 145 35 49 0.87243
260 120 37 49 0.86733
726 90 42 51 0.86142
615 146 40 47 0.84802
203 54 20 24 0.82548
317 74 33 39 0.81545
89 71 20 26 0.80100
720 41 18 23 0.76585
266 79 17 22 0.72879
491 60 17 20 0.68971
6 82 16 20 0.67732
642 79 15 20 0.65188
536 43 18 21 0.64370
638 45 15 19 0.64030
699 42 16 21 0.63982
864 38 14 18 0.63932
602 21 15 18 0.61491
564 27 16 20 0.59702
624 72 14 17 0.58265
653 24 17 20 0.57611
609 60 16 21 0.56962
592 73 16 20 0.56318
618 33 14 18 0.55478
364 50 16 20 0.54914
569 78 16 18 0.54251
21 76 16 22 0.53486
240 85 17 25 0.52848
184 68 15 20 0.52299
472 29 13 17 0.50639
749 41 12 15 0.50220
533 66 14 17 0.49686
722 15 14 16 0.49000
433 81 14 17 0.48459
138 61 16 20 0.47473
889 36 12 15 0.46780
570 51 16 18 0.46091
987 35 15 19 0.45657
344 37 14 18 0.44859
687 26 13 16 0.40357
170 59 12 15 0.39349
240 60 13 17 0.38196
699 3 15 17 0.37978
656 64 13 15 0.34496
414 62 15 24 0.32173
772 1 13 15 0.31700
852 21 12 15 0.30378
614 64 15 20 0.30098
905 113 20 34 0.28808
463 64 13 16 0.28537
811 34 13 15 0.28006
789 38 11 14 0.26454
