17_Ceremony_Ceremony_17_171
31
579 1 32 39 0.88270
332 143 51 61 0.87603
255 244 66 85 0.87354
519 320 92 120 0.87110
24 223 58 71 0.86808
397 308 84 99 0.85798
645 308 100 138 0.85428
8 131 37 45 0.84895
957 167 66 100 0.84838
723 73 45 59 0.84264
935 381 92 144 0.84066
95 126 30 43 0.84058
290 31 32 42 0.83896
246 151 37 47 0.83642
198 236 59 79 0.83503
266 56 35 47 0.83403
152 47 31 42 0.83202
667 77 41 48 0.82867
526 21 33 40 0.82472
477 164 54 69 0.80415
636 160 52 59 0.79642
150 238 47 64 0.78994
518 85 42 51 0.78454
301 158 37 51 0.77645
764 54 46 68 0.76678
455 138 48 65 0.73975
857 235 59 82 0.68408
691 189 46 54 0.67643
359 302 49 55 0.54267
713 9 21 24 0.30066
142 84 21 28 0.28440
