17_Ceremony_Ceremony_17_218
40
642 474 45 57 0.88855
248 499 42 56 0.88788
513 522 46 60 0.88408
363 411 38 42 0.88086
325 483 37 45 0.88068
939 485 38 43 0.87906
390 531 40 49 0.87891
10 366 36 45 0.87619
47 518 40 49 0.87467
855 422 33 41 0.87459
764 463 40 56 0.87376
54 312 35 44 0.87196
291 318 32 40 0.87037
253 384 34 41 0.87026
135 553 39 50 0.87017
492 400 31 41 0.86684
924 350 32 38 0.86384
891 507 42 51 0.86192
462 460 33 38 0.86074
155 369 34 38 0.86041
823 327 30 35 0.85881
39 419 35 42 0.85825
704 425 35 40 0.85800
722 303 26 32 0.85567
870 374 32 39 0.85528
183 312 31 38 0.85384
640 324 30 34 0.85293
198 432 40 52 0.84929
549 435 31 37 0.84776
564 332 26 33 0.83746
961 421 35 40 0.83586
762 364 30 34 0.82727
67 459 43 54 0.82655
512 329 27 32 0.82534
631 438 32 36 0.78931
998 361 27 42 0.78909
369 362 32 37 0.77631
1008 547 14 38 0.68071
801 464 29 37 0.55966
906 673 58 62 0.35631
