17_Ceremony_Ceremony_17_803
32
651 81 87 124 0.84708
942 174 24 30 0.84171
319 21 105 136 0.83556
92 139 26 31 0.80382
630 151 20 27 0.80330
170 140 21 26 0.78622
441 114 16 20 0.77141
604 144 20 25 0.76425
626 107 14 19 0.75328
574 139 15 19 0.75051
597 123 15 19 0.74099
124 123 17 23 0.73453
490 130 16 20 0.73256
0 80 98 226 0.72446
149 124 16 20 0.71881
506 117 13 16 0.71783
526 116 14 18 0.69259
418 116 12 16 0.68013
88 109 17 22 0.61158
568 115 13 16 0.60222
537 154 17 24 0.59424
480 119 13 16 0.57425
208 128 13 17 0.46559
162 106 13 17 0.44983
197 131 13 19 0.38289
556 131 14 18 0.34766
634 136 28 45 0.34375
223 122 12 16 0.32570
161 70 9 12 0.31435
205 109 11 13 0.30256
222 114 12 15 0.27994
564 137 14 18 0.25444
