17_Ceremony_Ceremony_17_418
47
508 113 23 27 0.79653
203 123 24 28 0.78299
167 110 21 25 0.77704
716 170 25 29 0.77411
249 105 22 26 0.77306
87 137 27 31 0.76662
585 129 17 23 0.76023
556 177 24 29 0.74877
659 125 18 23 0.74675
468 123 18 21 0.74662
626 133 18 21 0.74658
275 134 21 23 0.74493
868 140 16 20 0.70819
25 155 28 30 0.70537
300 138 24 27 0.70208
146 165 22 25 0.69880
786 196 23 26 0.68528
859 109 12 17 0.66757
704 123 17 23 0.65906
970 220 17 21 0.64155
983 153 15 17 0.64122
782 289 31 37 0.63104
380 117 18 22 0.61817
316 114 19 21 0.57270
565 126 12 16 0.57020
298 80 14 19 0.56279
927 247 23 36 0.55499
581 101 15 18 0.54266
950 196 17 20 0.53768
766 130 17 22 0.53284
941 128 12 16 0.53198
13 117 20 24 0.52796
1005 150 13 16 0.48170
907 131 10 12 0.47400
890 129 11 13 0.45178
967 124 12 15 0.44463
118 89 11 13 0.38779
61 97 13 16 0.38005
421 137 17 22 0.37594
962 150 14 16 0.35819
787 149 15 18 0.34346
934 157 12 15 0.31637
685 132 15 20 0.30600
73 79 11 13 0.30487
994 206 14 17 0.27748
987 205 14 18 0.27058
366 121 16 20 0.25790
