18_Concerts_Concerts_18_66
37
644 421 59 76 0.86659
440 367 63 89 0.85345
626 246 37 54 0.85287
490 329 65 83 0.84504
435 256 43 52 0.84228
808 263 39 55 0.83132
480 199 24 31 0.82244
893 351 44 57 0.81937
924 290 40 50 0.81490
196 247 35 44 0.78730
387 219 30 37 0.77939
751 331 48 68 0.76775
72 319 51 60 0.73334
189 321 41 53 0.73322
963 481 59 70 0.73306
507 181 20 28 0.73284
577 312 45 56 0.71373
286 461 72 76 0.71316
211 170 22 24 0.67365
229 202 21 25 0.66453
219 316 52 69 0.65450
173 200 21 29 0.64064
957 189 48 70 0.63460
287 158 16 21 0.63143
405 199 22 25 0.59399
361 189 17 22 0.55087
638 183 19 22 0.39595
293 292 39 46 0.38922
24 269 28 38 0.32813
891 172 19 22 0.32384
786 169 23 28 0.29054
334 154 12 16 0.28835
378 151 11 14 0.28363
301 202 16 21 0.27342
822 220 23 28 0.26694
17 208 30 34 0.26278
458 166 13 18 0.25797
