18_Concerts_Concerts_18_38
29
759 391 31 48 0.81978
67 416 33 45 0.80686
806 277 21 27 0.78777
297 533 39 74 0.72983
1 593 53 91 0.70164
531 268 24 31 0.66819
96 393 23 33 0.66565
594 301 20 31 0.65277
643 185 22 28 0.64808
363 185 15 18 0.64115
727 317 15 21 0.63924
458 237 12 15 0.58951
278 190 18 21 0.54526
710 261 12 15 0.51574
562 351 20 31 0.49176
146 324 23 33 0.47891
540 494 60 80 0.45694
894 331 43 68 0.45080
430 199 12 13 0.40509
734 288 12 17 0.39559
578 171 6 8 0.37107
410 502 39 60 0.31898
486 303 13 18 0.30017
893 278 18 23 0.29505
509 213 11 13 0.29312
569 200 9 12 0.28380
411 443 49 54 0.27841
513 194 8 10 0.26865
879 238 12 15 0.25953
