18_Concerts_Concerts_18_151
65
753 259 21 27 0.81711
869 255 22 28 0.81016
474 202 18 25 0.80158
203 90 16 20 0.79899
121 330 21 26 0.79346
783 145 18 23 0.79295
331 261 20 26 0.78725
852 63 16 20 0.78599
471 260 18 20 0.78500
464 67 17 22 0.77903
505 137 17 23 0.77720
897 200 20 27 0.77242
670 254 19 25 0.77133
208 266 19 24 0.76860
721 59 16 22 0.76814
695 144 18 23 0.76646
399 149 17 22 0.76143
33 78 16 20 0.75793
591 325 20 24 0.75583
105 54 14 19 0.74454
998 331 19 23 0.74173
560 201 19 20 0.74087
581 265 18 21 0.73197
872 146 18 24 0.73060
345 79 16 19 0.72416
102 105 15 20 0.72359
593 68 15 20 0.72096
589 145 17 21 0.71177
955 150 16 19 0.70736
980 270 19 27 0.70430
987 60 16 21 0.68889
727 319 20 26 0.68528
88 286 15 19 0.68181
784 200 17 21 0.67659
470 319 19 25 0.67551
363 335 18 23 0.66699
305 398 18 25 0.65733
64 75 14 17 0.65260
131 88 16 21 0.64891
1009 203 13 21 0.63779
263 431 17 23 0.63575
495 338 19 26 0.63543
741 413 19 27 0.63273
852 327 16 21 0.62781
7 113 12 15 0.61661
14 78 12 17 0.61613
228 327 18 22 0.60499
72 99 12 15 0.57068
94 427 17 23 0.55331
336 203 17 20 0.55174
888 438 16 22 0.49825
866 409 24 27 0.49336
713 438 20 26 0.47075
16 370 15 18 0.43953
50 190 14 17 0.40892
360 266 12 16 0.40302
150 400 19 21 0.39687
9 349 19 23 0.39580
56 8 14 20 0.32845
671 207 17 22 0.32118
343 431 13 15 0.30533
885 66 11 14 0.29898
476 141 17 20 0.29815
130 428 13 18 0.29165
869 172 15 21 0.27202
