18_Concerts_Concerts_18_602
61
480 399 27 34 0.85410
556 384 33 43 0.85160
896 480 44 61 0.85025
330 506 38 55 0.84232
307 385 28 36 0.84186
937 376 37 48 0.83664
167 403 25 32 0.83405
297 534 38 50 0.80832
249 302 19 25 0.80109
368 392 31 41 0.80068
344 380 20 27 0.78261
452 345 17 22 0.78176
868 370 24 29 0.75698
21 337 16 22 0.75431
738 374 18 23 0.74992
458 492 28 35 0.74990
38 342 18 22 0.74349
256 538 28 43 0.73592
140 255 16 22 0.73273
772 333 16 21 0.73084
107 256 14 19 0.72836
191 363 19 23 0.72766
79 420 21 27 0.72391
231 297 17 22 0.71182
53 382 22 30 0.70606
407 393 20 27 0.69676
837 339 15 20 0.67601
189 260 15 18 0.66720
474 360 18 25 0.66613
262 260 14 18 0.66414
303 255 13 17 0.66009
522 341 14 18 0.64687
49 263 12 17 0.64595
710 338 16 20 0.63820
567 334 14 18 0.62869
480 260 11 14 0.62029
335 329 17 21 0.61874
396 326 13 17 0.60006
513 394 21 29 0.58550
617 268 10 14 0.56008
681 354 13 18 0.53820
519 321 14 17 0.53167
438 328 13 17 0.52950
223 269 14 17 0.48827
32 341 17 21 0.45820
139 403 24 30 0.44880
216 272 13 17 0.43758
579 260 12 15 0.43717
575 262 11 14 0.39544
648 352 18 20 0.39391
408 288 11 15 0.39071
546 279 9 11 0.36801
331 267 12 15 0.32934
0 278 9 19 0.32655
520 331 16 19 0.28255
133 396 19 23 0.27442
622 268 10 13 0.27316
874 336 13 15 0.26663
113 407 16 20 0.26028
915 343 17 21 0.25544
924 341 14 18 0.25232
