1_Handshaking_Handshaking_1_579
171
650 278 31 42 0.86118
676 362 33 45 0.83612
585 249 27 38 0.83309
881 272 32 42 0.83118
625 234 25 35 0.82775
471 349 27 38 0.82592
529 237 22 28 0.82532
777 353 27 38 0.82209
583 319 34 42 0.82100
498 200 20 27 0.82051
937 427 37 46 0.81907
269 212 29 38 0.81534
787 411 34 40 0.81397
78 358 36 38 0.81372
750 304 28 35 0.81338
492 283 26 32 0.80883
529 312 29 34 0.80641
586 204 21 27 0.80381
858 342 35 47 0.80314
890 171 27 35 0.79964
636 197 24 31 0.79504
306 259 23 27 0.79294
596 418 36 45 0.79241
384 279 25 31 0.78601
438 308 29 38 0.78281
1003 231 20 34 0.78178
859 258 26 33 0.77655
393 379 34 41 0.77615
150 205 23 27 0.77453
530 194 23 30 0.77452
3 257 21 28 0.77331
146 312 32 41 0.76791
31 161 22 26 0.76696
498 406 31 41 0.76473
171 283 24 32 0.74961
1007 132 16 28 0.74897
906 146 21 27 0.74891
735 143 18 23 0.74655
485 159 21 24 0.74382
237 198 23 30 0.74241
131 152 20 24 0.74118
118 253 26 30 0.73743
191 152 16 19 0.73204
662 186 21 27 0.72606
411 331 38 46 0.72211
960 108 16 20 0.71832
361 195 23 31 0.71264
838 138 18 22 0.70619
263 145 18 22 0.70297
90 212 19 24 0.69856
887 144 18 23 0.69758
643 170 18 22 0.69254
678 94 14 18 0.69010
569 188 19 24 0.68966
442 131 18 23 0.68489
33 114 15 21 0.66876
827 110 15 18 0.66661
175 243 20 26 0.66624
902 95 14 18 0.66029
179 312 28 35 0.65797
327 207 18 27 0.65186
425 96 14 17 0.64885
926 107 15 18 0.64856
73 190 20 22 0.64298
987 104 15 18 0.64281
315 296 26 35 0.63901
797 138 15 18 0.63411
648 126 13 16 0.62834
739 189 24 27 0.62416
827 243 25 28 0.61913
974 190 24 29 0.61631
464 225 22 26 0.61554
320 335 34 44 0.61443
729 112 15 18 0.61243
454 166 19 25 0.60951
767 155 18 24 0.60745
219 178 20 24 0.60631
377 177 18 23 0.60425
243 147 18 23 0.59700
947 160 19 22 0.59263
399 210 18 24 0.59101
868 155 16 19 0.58849
612 73 12 14 0.58164
509 116 13 17 0.58071
720 158 18 24 0.57841
660 65 13 16 0.57816
475 133 14 18 0.57367
640 80 12 16 0.56882
590 95 14 17 0.56776
386 74 13 14 0.56645
839 505 22 48 0.56070
8 115 13 17 0.55700
575 76 12 16 0.55270
678 128 15 18 0.54896
871 236 26 30 0.54678
780 123 14 18 0.54419
355 101 15 19 0.53835
698 76 12 15 0.53608
650 144 14 18 0.53321
145 86 12 15 0.53211
638 103 13 16 0.52927
20 129 15 17 0.52867
271 115 14 16 0.52743
125 128 14 18 0.52369
615 98 12 15 0.52262
65 216 14 20 0.52082
866 82 14 19 0.51118
303 77 11 13 0.50889
622 118 13 16 0.50631
780 202 16 21 0.50483
244 125 13 15 0.49454
966 164 16 20 0.48903
99 116 16 19 0.48819
560 141 19 21 0.47208
708 129 13 16 0.47027
302 101 12 16 0.46363
26 254 18 23 0.45992
745 68 13 18 0.45781
163 189 18 23 0.45698
545 109 16 19 0.44700
277 307 23 29 0.44687
739 200 24 29 0.44653
23 195 22 26 0.43687
418 66 11 13 0.43180
404 154 16 19 0.43132
396 98 13 16 0.43075
25 203 24 29 0.42865
523 128 15 19 0.42798
538 61 9 12 0.42297
253 394 25 31 0.42198
334 94 13 15 0.40797
73 161 20 24 0.40652
474 80 11 13 0.39915
553 164 16 18 0.39088
0 180 13 24 0.38241
198 230 21 24 0.37969
728 146 19 24 0.37487
457 117 13 17 0.37143
844 118 14 18 0.36925
308 155 16 20 0.36849
1001 81 11 15 0.36451
228 98 12 14 0.35968
229 142 14 18 0.35512
970 86 12 15 0.35405
174 118 13 17 0.35056
359 134 16 23 0.34833
388 119 14 18 0.34157
803 207 22 24 0.34071
958 161 18 23 0.33980
790 79 14 17 0.33904
345 72 12 14 0.33754
890 474 44 59 0.32706
372 93 12 16 0.32471
820 141 14 18 0.32141
364 300 16 20 0.31889
425 318 33 43 0.31494
603 166 13 16 0.31403
375 411 23 39 0.31213
803 229 20 24 0.29696
841 133 17 21 0.29187
102 185 16 20 0.28991
229 248 19 25 0.28798
549 90 12 15 0.28672
250 107 12 14 0.28333
340 72 12 15 0.27908
452 81 10 13 0.27730
618 112 15 20 0.27624
833 209 15 19 0.26982
423 151 13 18 0.26084
13 395 33 35 0.25853
201 82 12 15 0.25415
