1_Handshaking_Handshaking_1_602
22
840 234 12 16 0.69245
644 221 11 16 0.66767
609 227 11 14 0.63174
437 232 9 13 0.60626
915 271 11 14 0.58883
375 240 13 18 0.58827
476 218 10 12 0.57991
508 224 9 11 0.56235
689 226 9 13 0.54212
577 220 8 11 0.52972
254 345 25 27 0.52735
546 225 8 10 0.51701
136 198 8 11 0.50037
719 236 10 12 0.49415
291 282 16 18 0.49104
753 244 9 11 0.47052
189 189 9 11 0.41599
677 229 10 12 0.35481
563 360 10 14 0.29803
639 242 12 14 0.28834
674 304 15 18 0.28194
399 322 16 21 0.25456
