20_Family_Group_Family_Group_20_33
23
593 411 35 44 0.88261
352 447 36 43 0.86683
87 332 36 42 0.86270
455 398 32 41 0.86259
698 403 35 42 0.85454
165 298 32 38 0.85164
360 332 28 38 0.85046
552 376 38 48 0.84981
829 347 34 38 0.84960
218 337 33 39 0.84623
435 305 29 36 0.84483
470 319 28 37 0.84333
326 287 28 36 0.83877
743 388 29 38 0.83676
635 337 27 36 0.83587
791 407 40 47 0.83358
263 401 32 43 0.83251
899 339 32 38 0.83187
769 343 29 34 0.82709
124 299 33 41 0.82648
251 305 34 43 0.82380
549 341 26 32 0.78911
662 309 28 35 0.78056
