20_Family_Group_Family_Group_20_64
24
307 321 66 82 0.89923
616 389 71 96 0.89607
172 304 53 65 0.89142
463 315 62 89 0.88698
718 327 58 72 0.88528
653 123 50 64 0.88433
487 166 52 65 0.88148
317 162 47 53 0.88079
277 27 39 50 0.87789
754 279 52 62 0.87498
175 432 56 68 0.87423
152 235 45 44 0.86498
759 486 74 86 0.86431
6 373 63 68 0.86129
797 56 45 54 0.86033
886 309 52 63 0.84637
337 280 56 63 0.83839
50 134 54 61 0.83012
611 320 46 56 0.82676
251 184 39 40 0.79173
543 173 40 52 0.78483
842 476 58 55 0.64198
980 208 25 44 0.61595
1003 215 18 32 0.30658
