20_Family_Group_Family_Group_20_62
22
716 139 35 45 0.88926
240 125 34 45 0.88692
241 218 39 49 0.88182
537 167 34 46 0.88041
628 170 35 45 0.87979
560 308 33 43 0.87794
762 186 36 45 0.87328
335 130 34 44 0.87176
415 138 34 44 0.87067
442 245 37 45 0.86906
867 205 37 50 0.86904
107 105 39 49 0.86740
839 152 32 43 0.86425
448 167 36 46 0.86325
191 166 39 48 0.85713
308 176 34 45 0.84739
646 308 31 39 0.84412
631 386 30 37 0.84375
623 128 31 40 0.80962
366 208 28 33 0.80370
516 136 30 37 0.79795
725 235 27 34 0.72170
