20_Family_Group_Family_Group_20_672
72
213 304 40 52 0.86404
108 489 37 47 0.86125
867 310 41 55 0.85836
561 270 38 51 0.85642
687 275 42 51 0.85447
800 283 38 50 0.84929
434 152 36 46 0.84728
746 229 38 47 0.84584
274 290 40 49 0.84568
305 144 34 44 0.84244
358 278 39 44 0.83864
191 223 36 46 0.83326
308 252 36 45 0.83176
755 343 41 60 0.82495
168 491 37 47 0.81924
677 867 26 35 0.81636
142 274 34 47 0.81628
506 204 36 43 0.81296
640 241 34 45 0.81251
712 184 30 41 0.80416
808 900 26 36 0.80331
370 350 40 46 0.80243
362 223 30 38 0.80116
606 214 35 44 0.80061
100 265 41 54 0.79900
450 1026 28 38 0.79686
474 271 39 42 0.79674
237 496 39 46 0.78907
310 866 28 36 0.78758
283 216 31 40 0.78409
399 230 34 42 0.78141
424 271 37 44 0.78069
662 142 32 41 0.78026
608 845 24 34 0.77542
566 877 30 37 0.77226
853 845 27 36 0.76292
496 837 25 30 0.76236
739 891 25 33 0.75852
456 830 24 32 0.75824
205 862 26 34 0.75587
89 867 26 30 0.75349
355 847 26 35 0.75272
305 825 26 32 0.75102
352 1029 27 31 0.74893
393 878 25 29 0.74877
827 844 25 33 0.74046
111 951 23 28 0.73736
262 874 26 35 0.73031
134 873 22 29 0.72367
573 492 37 43 0.71945
818 1048 27 33 0.71412
677 184 27 36 0.69926
429 838 25 30 0.69514
254 1023 25 34 0.68822
734 845 23 27 0.67566
645 1032 28 36 0.67499
738 1045 25 32 0.67160
551 830 25 29 0.64391
649 850 27 36 0.63424
591 360 28 31 0.63182
683 242 34 41 0.59242
540 214 28 36 0.57471
784 874 24 33 0.56484
441 834 25 33 0.55922
233 866 21 28 0.52618
397 952 17 19 0.45645
162 1036 26 34 0.45033
502 923 17 20 0.42882
776 877 24 33 0.39320
569 944 20 22 0.36454
506 947 20 25 0.35983
160 1120 18 21 0.31890
