20_Family_Group_Family_Group_20_294
24
136 386 39 50 0.86966
700 195 31 39 0.86740
173 184 33 39 0.85896
212 234 37 47 0.85498
563 276 31 38 0.85443
743 248 30 41 0.85235
387 313 30 36 0.85171
351 229 37 49 0.84949
652 363 30 36 0.84131
277 217 38 48 0.83936
484 206 33 43 0.83608
464 303 32 38 0.83599
551 363 28 33 0.83019
238 336 30 36 0.82656
843 255 31 39 0.82651
792 188 33 44 0.82514
654 218 29 36 0.82334
384 224 30 43 0.82001
583 229 29 34 0.81478
397 185 30 35 0.80715
679 260 29 37 0.78892
778 275 30 38 0.76667
535 177 33 40 0.69423
124 263 25 32 0.61614
