20_Family_Group_Family_Group_20_540
29
0 540 34 45 0.87018
706 204 33 42 0.86045
48 278 35 44 0.85877
128 233 36 44 0.85848
757 253 28 36 0.85627
812 225 32 41 0.85394
498 220 33 44 0.85125
141 552 37 42 0.84792
573 237 30 35 0.84710
276 527 42 50 0.84570
394 237 29 38 0.84053
578 488 30 40 0.83666
462 511 31 36 0.82661
252 230 35 50 0.81967
383 329 29 36 0.81552
654 214 31 41 0.81057
189 248 35 45 0.81035
894 229 34 44 0.80406
318 271 27 35 0.80057
456 247 29 39 0.79376
573 345 27 35 0.79038
972 237 35 46 0.76551
26 231 36 41 0.70180
745 551 30 35 0.69792
779 213 32 39 0.67369
642 569 30 32 0.63965
329 241 30 33 0.60577
550 312 29 40 0.48328
894 211 34 40 0.26941
