21_Festival_Festival_21_42
28
897 1205 16 21 0.51813
800 1286 13 18 0.51701
752 1318 14 17 0.48968
916 1133 11 14 0.45784
625 1332 12 16 0.44786
989 1166 11 14 0.42368
873 1328 14 18 0.41320
17 1165 13 18 0.40091
865 1171 12 16 0.40045
888 1026 11 13 0.39212
773 1225 14 18 0.39063
139 1280 13 17 0.38676
971 1050 10 12 0.38574
701 1078 11 14 0.38563
95 1165 15 18 0.37791
253 1322 14 17 0.35314
62 962 11 13 0.35314
766 1197 12 16 0.34711
594 1163 12 16 0.33695
902 1326 13 18 0.32936
768 1276 13 17 0.32334
773 1317 15 18 0.31109
539 1285 12 16 0.28103
343 1134 10 14 0.27774
835 1095 11 14 0.26778
638 1261 12 15 0.26047
873 903 10 14 0.25983
768 940 10 13 0.25525
