21_Festival_Festival_21_340
23
591 256 11 14 0.64033
565 266 10 14 0.61940
699 291 15 18 0.59433
482 231 9 12 0.54115
16 348 20 28 0.49041
707 239 8 9 0.48930
659 279 11 13 0.46642
254 355 14 21 0.45658
232 335 17 22 0.44790
98 322 12 14 0.42763
362 262 12 15 0.39461
417 233 10 13 0.37454
455 233 8 10 0.37239
624 258 9 12 0.35361
429 283 11 15 0.34531
473 247 10 12 0.31313
456 278 13 16 0.31125
676 246 7 10 0.29692
382 233 9 12 0.28977
223 335 16 22 0.26994
537 256 9 13 0.26741
333 256 9 11 0.26217
655 261 8 11 0.25953
