21_Festival_Festival_21_378
48
637 240 21 25 0.79532
89 269 14 17 0.70760
743 214 12 15 0.69392
912 230 12 15 0.68965
902 274 20 24 0.64870
192 210 11 14 0.62455
969 216 11 13 0.59890
858 220 11 14 0.59655
719 218 11 13 0.58724
335 206 10 12 0.58221
820 219 12 15 0.57232
46 214 9 12 0.56199
445 212 10 13 0.56161
28 209 11 13 0.55452
764 290 11 16 0.53617
424 275 11 13 0.53240
136 209 11 13 0.52754
258 217 9 12 0.52300
625 219 13 15 0.52079
681 226 11 14 0.51726
80 212 10 13 0.51622
284 204 10 13 0.51424
522 218 9 12 0.51258
404 212 13 16 0.49133
779 217 11 13 0.48876
838 228 10 12 0.44795
170 212 11 13 0.44410
478 217 9 12 0.43542
547 227 8 11 0.43163
208 202 11 13 0.41468
234 223 10 12 0.40876
365 214 10 13 0.40611
873 225 10 13 0.40408
597 226 8 11 0.36968
363 217 10 13 0.35855
947 221 9 11 0.34770
582 219 7 9 0.33255
227 207 9 11 0.30453
3 197 10 12 0.30308
841 224 8 11 0.30290
424 217 9 12 0.28775
127 229 10 12 0.28302
543 218 8 11 0.27764
478 307 13 17 0.27633
839 273 10 14 0.27584
695 214 9 12 0.26833
996 237 10 12 0.26063
362 207 9 11 0.25192
