21_Festival_Festival_21_585
31
120 332 24 30 0.77539
58 350 20 24 0.70253
251 336 23 29 0.66746
112 282 18 22 0.62537
199 316 18 22 0.59755
25 258 15 18 0.59620
213 288 16 22 0.56311
181 338 24 28 0.55064
15 302 17 19 0.52416
306 323 17 20 0.50229
21 235 13 15 0.47038
198 242 14 19 0.46301
290 244 13 16 0.46060
287 530 17 22 0.45740
60 258 13 16 0.43714
32 203 11 15 0.42306
263 261 15 19 0.41365
7 207 10 14 0.41079
153 193 9 12 0.40587
130 204 8 12 0.39512
0 392 10 27 0.39405
308 279 17 21 0.34880
180 253 13 17 0.34527
50 233 10 13 0.34438
49 207 10 11 0.33079
196 192 9 11 0.31157
66 229 10 13 0.31056
245 275 17 22 0.28902
757 100 33 45 0.28384
128 279 16 20 0.26686
0 344 12 31 0.25247
