23_Shoppers_Shoppers_23_511
27
242 121 14 18 0.64812
384 250 11 13 0.64496
530 13 9 13 0.59972
325 212 10 12 0.52710
501 318 11 13 0.48493
746 574 10 13 0.48155
55 302 10 11 0.46719
418 283 10 13 0.45403
345 215 9 12 0.45119
294 136 8 11 0.41302
160 91 11 14 0.41292
64 283 9 11 0.39940
650 307 10 12 0.36855
717 335 11 14 0.36460
15 294 9 10 0.34850
451 301 9 11 0.34546
749 278 8 11 0.33910
616 4 9 9 0.33037
220 584 12 15 0.32348
48 592 9 11 0.32111
482 324 10 13 0.32060
477 8 9 10 0.31997
738 321 12 15 0.29951
845 224 7 10 0.29792
589 329 9 12 0.29122
930 271 8 12 0.26655
846 321 13 18 0.25077
