24_Soldier_Firing_Soldier_Firing_24_691
25
271 306 30 37 0.86150
238 215 24 30 0.82468
622 305 25 28 0.82397
293 275 28 34 0.82085
504 313 23 28 0.81388
548 272 21 25 0.81137
365 305 23 26 0.81087
417 338 27 32 0.80778
879 452 29 42 0.80510
776 322 29 33 0.79882
100 112 37 59 0.79823
563 328 21 25 0.78449
667 317 24 29 0.77542
265 269 24 28 0.76882
580 268 20 22 0.75408
822 381 34 41 0.75227
742 294 25 30 0.75152
957 304 20 22 0.74988
823 301 22 26 0.74148
411 248 21 24 0.73049
441 310 21 25 0.73040
878 328 28 34 0.72162
803 368 22 33 0.60284
726 307 17 21 0.52883
810 375 27 34 0.31857
