25_Soldier_Patrol_Soldier_Patrol_25_515
27
787 308 17 25 0.77653
699 316 18 22 0.73627
638 309 19 24 0.72810
834 314 18 23 0.72731
615 323 14 17 0.71315
564 339 13 17 0.70976
57 307 15 20 0.70541
720 304 18 24 0.69441
805 294 18 24 0.68779
668 313 16 20 0.67318
394 312 14 19 0.66467
537 312 15 19 0.66169
912 311 18 21 0.64705
414 318 14 17 0.64261
577 325 15 18 0.63169
522 315 13 18 0.62576
367 298 13 17 0.62411
475 319 15 21 0.62317
861 304 16 21 0.59191
461 314 13 22 0.58252
735 322 15 19 0.57520
465 317 15 20 0.52519
581 321 13 17 0.50241
374 320 13 18 0.48967
887 328 17 23 0.45720
440 331 12 16 0.32129
531 316 12 16 0.31594
