26_Soldier_Drilling_Soldiers_Drilling_26_262
70
759 326 23 29 0.83378
917 282 29 34 0.82741
1003 264 20 34 0.81439
620 317 23 28 0.81009
801 285 24 29 0.80525
475 311 22 27 0.80158
575 273 22 28 0.80139
692 276 22 28 0.80046
852 293 22 26 0.79103
609 273 22 27 0.78939
275 294 24 28 0.78660
762 250 21 23 0.78411
966 236 21 25 0.78180
723 281 27 30 0.77252
223 263 20 25 0.76793
127 264 23 25 0.76078
448 271 22 29 0.75611
77 260 24 27 0.75175
168 267 26 28 0.74822
533 267 27 29 0.74732
953 292 26 29 0.73897
218 231 15 20 0.73308
61 257 19 26 0.73015
782 273 20 25 0.72747
866 253 19 24 0.72682
635 279 24 26 0.71472
250 215 14 18 0.71281
299 263 22 25 0.71198
405 193 14 16 0.70581
371 218 14 18 0.67278
169 213 12 16 0.66476
303 212 14 17 0.65872
424 260 22 25 0.65737
486 243 15 19 0.64260
678 220 12 17 0.63592
650 235 14 17 0.63408
389 260 20 26 0.63127
344 257 21 26 0.62347
440 220 14 17 0.61997
473 229 13 17 0.60302
124 238 16 19 0.59953
90 215 13 15 0.59403
510 267 20 25 0.59176
330 267 16 23 0.58849
7 260 22 27 0.56781
151 248 18 23 0.56605
498 224 13 17 0.56168
529 218 12 14 0.55988
603 223 13 17 0.52895
37 275 21 24 0.51157
353 229 14 18 0.50991
593 243 14 16 0.50901
218 209 14 16 0.48453
586 227 12 16 0.46728
242 261 18 23 0.45192
326 218 15 17 0.44274
399 227 12 14 0.43960
380 219 12 16 0.43493
517 244 22 28 0.40342
206 253 14 18 0.40340
803 249 15 19 0.39619
580 222 16 18 0.37336
36 247 18 22 0.33912
429 264 23 28 0.31692
719 239 20 22 0.30241
336 259 22 28 0.29843
977 280 16 22 0.28740
520 266 23 28 0.28638
326 223 17 20 0.26690
1 258 15 26 0.25393
