26_Soldier_Drilling_Soldiers_Drilling_26_204
22
371 258 25 35 0.73019
450 142 18 23 0.68972
437 197 23 26 0.68662
599 119 11 15 0.50555
582 85 11 14 0.49464
944 170 15 19 0.47405
193 80 9 11 0.46291
499 107 13 15 0.42901
1009 298 13 31 0.41964
901 178 14 17 0.40047
630 78 8 10 0.33825
662 236 25 33 0.33603
983 205 16 20 0.32745
966 202 16 23 0.31887
967 150 15 18 0.30705
1013 124 9 14 0.30129
622 157 15 19 0.30031
858 123 11 13 0.29447
712 125 13 18 0.28314
781 216 27 40 0.27330
662 122 13 17 0.27170
995 188 14 16 0.25770
