28_Sports_Fan_Sports_Fan_28_7
83
468 646 121 152 0.86521
872 1127 102 146 0.86131
943 855 67 87 0.83733
144 677 57 60 0.81776
83 860 74 103 0.80203
588 634 36 41 0.78953
840 539 24 30 0.75640
195 561 32 35 0.72353
6 566 39 43 0.70068
211 666 32 38 0.70029
806 417 21 26 0.67943
56 787 47 49 0.66264
297 433 24 29 0.66142
139 865 60 87 0.65923
819 540 18 24 0.64912
190 416 25 28 0.64911
541 603 36 42 0.64667
651 583 23 35 0.64519
93 565 39 54 0.63880
163 527 26 33 0.59525
976 666 37 40 0.59243
258 347 23 27 0.58170
493 590 24 31 0.57440
923 233 15 19 0.56987
631 51 13 17 0.56757
921 311 16 20 0.56273
58 504 27 35 0.56036
586 88 17 21 0.55551
927 693 40 47 0.52701
705 108 15 19 0.51289
956 199 17 21 0.51121
117 354 20 25 0.50374
883 295 18 23 0.50114
190 304 23 30 0.49982
718 732 44 65 0.48869
684 62 14 17 0.48362
871 223 14 17 0.47060
664 636 29 41 0.46591
33 390 19 25 0.45768
810 807 36 48 0.44545
698 593 17 24 0.42907
864 352 16 21 0.41088
604 47 13 16 0.40604
607 514 18 22 0.40341
24 295 20 24 0.40158
889 238 13 16 0.37975
970 296 14 19 0.37787
713 549 19 26 0.37668
801 138 13 17 0.37318
418 668 34 58 0.37298
53 614 29 46 0.37065
1008 340 15 19 0.36683
9 75 14 19 0.36429
819 119 12 15 0.34571
876 129 14 19 0.34435
237 404 28 34 0.34274
938 277 17 23 0.34011
220 224 14 17 0.32684
393 564 21 26 0.32494
552 25 13 15 0.32096
672 90 15 19 0.32090
349 101 12 15 0.31874
800 260 16 20 0.31628
0 866 26 86 0.31051
90 16 13 16 0.30621
284 366 19 24 0.29779
552 553 20 26 0.29694
246 32 12 15 0.29370
143 262 15 19 0.29286
15 525 19 24 0.28537
399 55 14 18 0.28488
940 169 12 16 0.28340
784 116 12 15 0.28317
385 80 15 18 0.27988
856 70 12 15 0.27584
4 1086 85 174 0.27346
571 48 12 16 0.27142
54 264 19 22 0.26745
205 96 14 18 0.26286
841 456 15 18 0.26113
483 66 13 16 0.25326
834 511 15 18 0.25272
199 131 13 17 0.25015
