28_Sports_Fan_Sports_Fan_28_487
84
915 528 40 51 0.89269
909 449 39 48 0.88801
962 481 42 52 0.87067
824 493 36 49 0.86529
260 550 45 57 0.86156
131 445 35 44 0.85650
665 492 40 53 0.85509
622 95 31 39 0.85434
512 435 37 44 0.85376
568 341 36 45 0.84791
46 443 41 55 0.84700
857 422 42 51 0.84629
969 282 37 45 0.84618
667 157 34 40 0.84496
460 507 42 54 0.83895
788 78 32 43 0.83854
329 64 34 41 0.83523
108 266 37 48 0.83455
57 382 39 49 0.83264
883 307 39 44 0.83248
798 0 32 38 0.83187
939 146 35 40 0.83134
408 581 40 44 0.83098
798 399 34 47 0.82995
338 553 35 40 0.82958
873 166 38 42 0.82353
819 276 39 48 0.82314
954 354 41 44 0.82139
733 284 35 46 0.82068
604 182 36 48 0.82006
714 108 33 38 0.81781
990 105 31 44 0.81537
673 276 38 47 0.81266
615 315 36 40 0.81194
708 322 40 48 0.80743
558 245 30 38 0.80727
161 145 37 43 0.80512
553 568 41 44 0.80493
549 504 39 45 0.80454
675 11 29 34 0.80394
415 258 35 47 0.80171
955 211 38 41 0.79862
453 289 40 45 0.79849
213 109 33 42 0.79818
820 559 44 55 0.79732
160 3 29 35 0.79478
672 80 27 40 0.79180
488 376 46 57 0.79064
462 207 41 48 0.78560
728 590 31 37 0.78315
470 36 31 40 0.78215
426 477 45 47 0.77905
858 240 37 42 0.77836
991 337 30 44 0.77752
747 561 36 42 0.76380
158 278 33 37 0.76309
430 66 27 37 0.76085
425 195 30 38 0.74657
1004 416 19 51 0.74578
735 242 44 42 0.74555
788 219 42 44 0.73771
221 193 32 36 0.73470
1 461 35 47 0.72909
0 339 22 38 0.70416
344 1 34 34 0.70373
595 385 37 42 0.69793
17 223 31 33 0.67806
196 308 35 42 0.65516
146 233 27 32 0.63351
479 259 35 39 0.59898
413 29 26 30 0.55929
171 507 40 47 0.55767
603 4 30 28 0.53096
840 356 30 36 0.52928
207 16 24 32 0.51585
50 114 32 43 0.51472
543 11 27 34 0.50352
755 1 31 29 0.47167
598 439 36 38 0.46714
620 535 37 44 0.45894
39 85 34 41 0.39785
94 105 25 29 0.39556
270 519 38 38 0.39456
185 398 36 34 0.31701
