29_Students_Schoolkids_Students_Schoolkids_29_251
21
637 170 58 74 0.86807
734 295 71 90 0.86640
500 219 67 86 0.86596
109 197 65 72 0.86428
659 271 57 72 0.86333
264 466 67 85 0.86103
47 312 62 68 0.86074
484 471 58 73 0.85959
382 482 66 74 0.85655
215 266 68 72 0.85608
899 97 46 59 0.85606
748 493 70 89 0.85438
48 560 75 83 0.85398
316 331 56 67 0.84824
373 276 54 58 0.83431
906 214 65 72 0.83018
550 356 67 71 0.80102
404 114 55 57 0.79857
218 194 47 54 0.78495
381 208 48 51 0.75186
511 139 59 64 0.72408
