29_Students_Schoolkids_Students_Schoolkids_29_316
22
635 178 108 149 0.89327
829 13 80 89 0.87847
166 151 102 130 0.87758
292 124 74 97 0.87604
407 0 45 51 0.87221
256 14 71 85 0.87023
96 3 58 59 0.86217
886 102 82 93 0.86118
157 23 50 58 0.85521
938 0 67 76 0.85199
765 2 47 52 0.84656
550 103 87 108 0.84369
498 0 76 61 0.84043
26 132 77 90 0.83937
707 0 62 54 0.82890
328 23 56 69 0.82542
207 23 40 55 0.78238
567 3 42 53 0.78162
0 58 59 83 0.76253
652 2 34 34 0.70493
63 1 35 35 0.66700
481 17 32 44 0.41058
