29_Students_Schoolkids_Students_Schoolkids_29_21
28
461 153 105 129 0.87756
742 198 129 176 0.86980
209 109 50 62 0.86510
614 55 53 69 0.86303
452 58 44 56 0.86282
946 62 55 67 0.85316
316 94 56 75 0.84907
879 14 36 47 0.84552
114 55 39 49 0.83775
73 62 36 44 0.83669
770 60 54 67 0.81765
731 37 34 46 0.79754
927 37 44 49 0.79458
584 15 25 32 0.79437
12 72 27 36 0.79381
808 21 28 35 0.78073
152 81 54 70 0.77401
583 53 32 47 0.77277
664 27 28 38 0.77245
76 143 71 85 0.77243
436 35 36 43 0.76480
469 24 26 33 0.74059
407 52 25 32 0.71080
993 29 29 47 0.70894
501 47 38 49 0.67686
357 76 36 44 0.63287
514 97 63 63 0.38203
389 83 20 33 0.29448
