2_Demonstration_Demonstration_Or_Protest_2_225
41
135 411 15 20 0.73926
445 430 16 19 0.72495
321 439 17 21 0.67885
39 405 17 22 0.64663
257 411 14 18 0.64522
501 431 14 17 0.64247
944 435 16 19 0.63642
883 434 14 17 0.62259
461 411 14 19 0.61600
354 440 14 18 0.61337
858 429 14 18 0.59109
985 503 13 16 0.56919
359 346 10 12 0.54744
345 346 10 12 0.51871
919 411 11 14 0.51807
559 425 17 21 0.50883
229 435 15 18 0.50371
451 357 10 12 0.48473
568 358 9 12 0.43388
537 344 9 12 0.42019
800 431 12 16 0.40311
994 406 10 13 0.39409
699 423 12 15 0.35329
349 294 10 13 0.33514
679 427 12 15 0.33479
111 398 11 14 0.33128
663 417 17 21 0.32554
831 397 10 13 0.32533
865 421 13 16 0.31864
206 453 13 18 0.30002
315 342 10 12 0.29576
393 423 11 13 0.29291
503 351 10 11 0.29063
589 393 11 13 0.28995
934 307 10 12 0.28566
567 294 9 12 0.27918
762 418 14 16 0.27909
180 415 12 15 0.26643
187 366 11 14 0.25689
586 293 8 11 0.25417
382 344 9 11 0.25223
