2_Demonstration_Demonstration_Or_Protest_2_98
106
559 483 31 40 0.84312
362 489 32 42 0.81784
605 577 38 51 0.77268
287 567 32 41 0.73933
378 420 22 33 0.71292
864 601 29 43 0.68704
330 567 42 52 0.68089
104 294 10 13 0.64326
193 502 27 34 0.62287
411 507 24 31 0.60758
24 240 10 13 0.57340
360 39 7 9 0.56365
515 534 30 36 0.56054
960 216 10 12 0.55423
889 326 11 15 0.55347
160 295 10 14 0.55022
961 296 12 16 0.53919
134 296 10 13 0.53809
660 604 31 43 0.53700
388 80 9 12 0.52151
724 41 8 11 0.51991
526 233 9 11 0.51913
578 124 8 12 0.51046
21 456 22 32 0.50138
34 296 11 14 0.50092
579 155 9 12 0.49783
996 55 9 11 0.49107
895 32 8 10 0.48308
76 275 11 14 0.47853
725 167 9 11 0.47220
703 315 12 15 0.46772
956 43 7 10 0.45870
850 329 11 15 0.45578
893 231 9 11 0.45274
974 251 11 13 0.42832
67 298 11 12 0.42819
644 54 7 9 0.42797
812 237 8 9 0.42777
674 126 8 10 0.42769
836 283 11 13 0.42735
279 524 25 34 0.42293
578 256 10 12 0.41771
147 272 11 13 0.41715
77 236 8 11 0.41503
935 324 10 13 0.41405
226 224 8 10 0.41022
791 56 8 11 0.40878
699 181 9 12 0.40817
351 302 10 13 0.40584
638 129 9 11 0.39432
932 207 10 12 0.39342
865 92 8 10 0.38595
186 284 10 12 0.38389
492 228 7 9 0.37455
61 58 7 10 0.35879
756 144 10 12 0.35874
871 177 9 11 0.35583
621 181 9 12 0.35473
556 255 9 12 0.35352
116 64 7 8 0.35168
517 487 17 23 0.35057
925 63 8 9 0.34581
784 223 8 10 0.34423
417 293 9 12 0.34377
548 141 9 10 0.34279
312 43 7 8 0.34239
589 81 7 10 0.33968
554 35 8 10 0.33887
181 46 7 9 0.33742
280 252 9 11 0.33724
290 114 8 10 0.33604
132 66 7 8 0.33228
591 193 9 11 0.33177
751 182 10 11 0.33134
60 318 9 11 0.33036
244 59 7 8 0.33023
151 169 8 10 0.32937
325 476 18 27 0.32914
942 135 8 11 0.32805
725 318 12 13 0.32218
120 294 11 13 0.32212
520 298 9 11 0.32148
276 59 7 9 0.31591
408 234 9 11 0.31337
52 300 11 13 0.31019
174 170 8 10 0.30231
978 199 9 11 0.29950
443 465 22 27 0.29836
228 604 26 36 0.29750
925 227 9 10 0.29571
76 180 9 10 0.28724
832 159 10 12 0.28547
456 321 10 12 0.27607
32 116 7 9 0.27361
516 107 8 9 0.27096
219 99 8 10 0.26945
192 226 9 11 0.26721
354 273 9 10 0.26295
527 60 7 10 0.26255
56 157 8 10 0.26249
495 70 8 10 0.25915
469 67 7 10 0.25773
744 256 7 10 0.25253
644 79 7 10 0.25168
805 104 9 9 0.25152
578 319 13 15 0.25006
