2_Demonstration_Protesters_2_221
59
515 203 59 84 0.86497
712 376 45 78 0.82187
3 198 51 82 0.81677
387 55 38 52 0.81425
830 128 31 46 0.79884
572 148 48 61 0.79210
689 97 36 47 0.78974
924 184 32 57 0.78460
744 181 41 68 0.77193
911 110 33 46 0.75846
285 329 41 79 0.74693
135 57 41 44 0.74608
892 300 80 87 0.74556
404 131 39 56 0.73629
229 518 80 56 0.73409
463 90 36 47 0.72584
991 153 32 64 0.71744
14 18 25 38 0.71534
856 177 37 47 0.69668
342 111 33 44 0.67510
114 96 41 52 0.67054
412 301 39 75 0.67050
119 12 28 41 0.66174
294 129 38 53 0.66126
716 2 30 32 0.65492
241 80 30 40 0.63720
396 212 46 74 0.60039
547 63 33 51 0.59866
195 121 52 62 0.56625
526 428 52 65 0.53944
675 57 31 38 0.53651
960 75 23 28 0.52880
0 111 21 57 0.52487
725 60 39 40 0.52277
313 10 29 40 0.51167
893 46 26 37 0.50284
424 27 25 38 0.50048
82 172 33 62 0.49306
743 149 39 51 0.48709
447 65 30 39 0.47671
175 13 23 30 0.46267
654 95 25 34 0.45313
814 91 26 29 0.41514
994 2 20 23 0.41167
138 247 37 62 0.41166
718 206 33 48 0.40429
594 0 20 22 0.40374
890 314 42 69 0.40021
216 123 54 65 0.36435
159 139 28 34 0.35695
869 211 50 58 0.33671
81 338 35 62 0.31226
529 2 23 28 0.28794
774 315 72 88 0.28746
446 1 33 26 0.27609
39 3 29 28 0.27596
505 41 29 31 0.27024
601 537 27 33 0.25948
416 268 40 53 0.25223
