2_Demonstration_Political_Rally_2_695
63
325 470 43 50 0.86040
439 342 32 37 0.81997
765 556 56 76 0.81889
805 225 26 34 0.81481
586 365 30 43 0.80575
496 374 36 41 0.79991
298 427 38 37 0.77968
42 238 30 32 0.76992
424 469 36 46 0.76080
167 207 23 30 0.71843
8 430 41 48 0.70883
526 453 40 50 0.70527
319 532 39 43 0.70346
2 381 35 39 0.67405
963 646 56 42 0.67160
103 231 22 29 0.65147
133 396 41 41 0.63824
216 318 25 29 0.61972
406 363 38 50 0.61358
60 221 25 28 0.60510
856 178 17 21 0.59224
685 147 16 21 0.57468
21 123 15 19 0.56946
190 227 23 25 0.56666
187 454 44 45 0.54373
395 525 40 37 0.54219
498 470 31 34 0.53291
227 347 35 50 0.52725
103 361 37 42 0.50499
142 129 13 16 0.50043
2 16 16 19 0.49402
16 271 27 33 0.48805
0 490 24 62 0.47851
880 477 33 41 0.47370
705 199 16 22 0.46299
59 132 17 22 0.44723
796 195 17 22 0.42879
322 257 24 31 0.42257
687 187 16 20 0.41978
403 290 27 32 0.41577
569 321 20 24 0.39733
216 132 12 15 0.39632
386 333 26 33 0.39622
318 330 25 30 0.38054
166 430 33 51 0.37881
271 248 18 23 0.37575
609 580 41 53 0.36797
68 463 28 41 0.35847
766 246 18 22 0.35053
814 293 23 34 0.33919
882 359 22 31 0.33441
63 59 16 18 0.33266
809 177 15 20 0.32416
193 143 11 15 0.30790
202 465 37 42 0.30315
122 122 10 14 0.29781
659 205 17 23 0.29340
137 113 11 13 0.29280
280 402 28 37 0.26761
269 155 14 15 0.26599
254 195 25 31 0.26141
965 92 12 14 0.25735
10 224 26 31 0.25631
