2_Demonstration_Protesters_2_561
91
200 81 18 22 0.78448
401 131 17 21 0.77896
643 219 17 23 0.77735
710 237 18 21 0.77064
747 235 16 21 0.76821
553 140 18 22 0.75408
139 312 18 22 0.74893
444 461 19 23 0.74677
791 456 18 23 0.74615
500 321 18 22 0.74392
889 190 17 24 0.74040
104 429 17 21 0.73559
814 262 19 21 0.73141
775 225 18 20 0.73059
40 411 16 21 0.73055
286 91 16 21 0.72915
261 235 16 20 0.72788
497 483 19 21 0.72756
299 336 17 22 0.72102
235 290 18 22 0.72046
490 135 18 22 0.71680
130 214 19 22 0.71069
446 138 16 20 0.71018
440 286 18 21 0.70950
930 234 15 21 0.70863
339 446 16 19 0.70215
860 314 16 21 0.70101
863 495 19 23 0.70069
667 496 19 23 0.69998
783 412 17 22 0.69305
178 391 17 21 0.69209
161 423 16 20 0.69205
578 414 18 22 0.69127
393 255 18 22 0.68879
105 385 17 21 0.68628
289 437 17 22 0.67948
642 376 17 23 0.66379
547 303 16 20 0.65968
725 410 14 18 0.65821
719 467 19 22 0.65575
27 379 16 19 0.64813
16 259 15 19 0.64398
433 435 16 19 0.64035
755 442 17 21 0.63716
19 325 17 20 0.63696
186 358 18 21 0.63358
463 379 16 21 0.63331
649 423 15 19 0.63259
424 367 18 22 0.62767
902 520 19 21 0.62084
544 492 19 21 0.61421
600 496 19 22 0.58573
737 514 21 23 0.57893
217 262 13 16 0.57599
256 387 17 22 0.57575
534 132 17 20 0.57451
734 368 15 18 0.56894
941 505 17 22 0.56813
322 87 16 21 0.56726
647 471 16 21 0.56253
381 402 16 20 0.56053
952 653 18 24 0.55440
992 461 17 20 0.55196
679 427 18 22 0.53865
768 389 16 19 0.52810
480 302 15 18 0.51508
93 315 18 20 0.51483
307 407 14 17 0.48481
77 267 15 19 0.46955
767 522 19 22 0.44693
288 317 16 19 0.44085
850 414 18 21 0.41990
803 494 18 20 0.41971
95 223 15 18 0.40723
852 532 19 21 0.40140
25 301 16 17 0.40115
586 386 16 20 0.39992
872 642 16 20 0.39774
113 198 14 18 0.39042
826 428 13 18 0.32107
463 250 14 20 0.31926
866 606 16 21 0.31924
835 399 16 20 0.31519
839 454 14 19 0.29695
815 404 14 18 0.29218
210 444 14 17 0.28700
899 660 16 19 0.28127
856 355 17 22 0.27087
953 487 15 17 0.26795
99 290 13 15 0.25205
408 303 16 17 0.25170
