2_Demonstration_Demonstrators_2_268
26
972 256 44 52 0.85391
269 256 26 31 0.82408
841 278 23 26 0.80593
79 289 32 36 0.79813
363 263 21 27 0.79480
683 246 19 25 0.78448
574 281 23 28 0.76149
32 268 15 18 0.71086
538 248 13 16 0.69922
723 362 21 27 0.69313
164 286 18 21 0.68543
133 271 13 16 0.66069
240 262 15 18 0.64050
877 253 19 21 0.63912
75 252 16 17 0.60876
601 257 11 14 0.60847
447 260 13 15 0.59451
947 264 13 17 0.58656
219 254 11 14 0.46790
409 249 9 11 0.44501
644 246 8 10 0.44035
103 266 10 13 0.43423
505 266 11 15 0.40578
160 275 19 23 0.35144
340 256 11 12 0.34401
159 265 18 19 0.34238
