2_Demonstration_Demonstration_Or_Protest_2_476
257
875 534 29 34 0.76368
991 594 24 31 0.75877
275 501 22 28 0.74685
823 589 26 30 0.74563
983 320 24 28 0.73589
695 602 29 31 0.73457
689 378 24 27 0.72474
741 373 26 28 0.71733
878 475 23 28 0.71490
138 496 19 24 0.71454
748 469 23 28 0.71230
515 398 23 26 0.71217
191 555 23 27 0.70974
732 282 19 23 0.70733
193 501 20 25 0.70617
921 624 24 31 0.70425
622 561 28 30 0.69973
823 433 26 28 0.69915
35 417 23 26 0.69775
903 388 23 25 0.69626
780 503 26 29 0.69503
753 261 20 24 0.69156
590 386 23 25 0.68755
622 303 20 23 0.68556
769 403 23 25 0.68535
228 427 17 22 0.68507
62 439 20 26 0.68290
553 462 22 28 0.68176
81 342 18 23 0.68021
499 497 24 26 0.67041
108 427 22 26 0.66978
237 311 20 23 0.66858
99 303 18 22 0.66264
948 444 25 29 0.66168
754 577 29 34 0.66075
333 221 15 19 0.65716
291 209 18 22 0.65671
644 324 20 24 0.65629
164 348 22 24 0.65592
540 363 20 24 0.65471
519 299 19 23 0.65257
944 287 21 26 0.64727
676 465 24 26 0.64533
929 404 23 25 0.64507
493 294 19 21 0.64316
424 491 23 25 0.64117
413 264 21 25 0.63846
886 358 22 25 0.63777
637 372 22 25 0.63650
906 290 20 25 0.63158
360 441 23 27 0.63102
122 359 17 21 0.62639
801 414 24 27 0.62570
385 278 17 22 0.62466
431 298 20 23 0.62371
197 447 23 24 0.62046
389 606 20 25 0.62001
468 543 21 25 0.61852
8 332 17 21 0.61755
323 292 20 25 0.61286
986 374 28 29 0.61165
627 457 20 24 0.61058
912 319 22 24 0.60862
474 282 16 20 0.60662
382 224 17 19 0.60382
489 648 30 36 0.60349
517 610 19 23 0.59971
866 296 21 23 0.59938
989 148 21 24 0.59696
45 326 19 22 0.59629
242 385 19 24 0.59583
402 224 17 21 0.59503
247 485 20 25 0.59482
881 420 21 24 0.59460
319 201 14 18 0.59395
326 332 21 24 0.59342
845 324 21 25 0.59209
579 436 24 26 0.59184
662 361 22 25 0.58515
530 250 18 21 0.58185
300 279 17 21 0.58057
804 220 17 20 0.57856
523 466 18 21 0.57767
51 254 16 20 0.57509
360 249 18 21 0.56863
275 296 19 21 0.56806
190 327 17 21 0.56563
135 232 20 23 0.56247
631 235 18 21 0.55983
985 414 24 27 0.55840
578 328 18 22 0.55587
18 271 20 21 0.55338
419 403 21 24 0.55275
522 567 22 27 0.54906
588 625 29 34 0.54882
214 482 19 25 0.54855
825 181 16 18 0.54565
211 648 27 28 0.54193
462 427 21 27 0.53927
661 244 17 20 0.53864
250 343 22 24 0.53538
671 428 26 28 0.53373
328 617 22 30 0.53295
44 379 17 20 0.53280
784 445 23 26 0.53240
125 292 15 18 0.52565
832 236 17 20 0.52288
27 357 17 21 0.51702
428 368 16 19 0.51692
131 406 17 21 0.51530
80 382 16 21 0.51366
798 162 17 22 0.51156
394 113 15 18 0.50621
365 402 23 26 0.50520
174 303 17 21 0.50471
689 210 17 21 0.50115
603 335 18 22 0.48872
403 460 24 29 0.48728
281 360 17 19 0.48151
207 376 15 20 0.48060
385 344 20 21 0.47893
375 376 19 23 0.47844
258 72 16 19 0.47670
322 253 14 18 0.47647
303 611 21 25 0.47576
809 248 17 20 0.47461
855 179 19 21 0.47408
11 250 17 20 0.47066
261 204 14 17 0.46991
455 263 17 20 0.46560
735 421 21 26 0.46504
332 493 21 25 0.46475
371 293 16 19 0.46257
480 212 16 21 0.45836
361 171 16 18 0.45536
498 351 19 23 0.45022
729 508 23 26 0.44476
179 159 16 16 0.44410
553 258 15 18 0.44394
425 126 17 22 0.44366
88 263 13 17 0.44355
865 391 24 25 0.44005
945 242 22 26 0.43975
138 381 18 22 0.43904
952 102 13 17 0.43772
562 555 21 28 0.43596
810 290 19 21 0.43537
575 364 18 22 0.43211
950 383 23 26 0.42836
182 403 16 21 0.42786
436 212 16 19 0.42699
138 469 22 22 0.42415
440 346 18 21 0.42409
283 405 18 22 0.42381
800 321 18 21 0.41937
167 123 15 18 0.41609
305 342 20 24 0.41089
700 247 13 15 0.41087
167 272 16 20 0.40849
278 557 20 24 0.40450
421 341 16 19 0.40417
479 102 15 19 0.40369
905 236 18 22 0.40037
110 132 13 16 0.39933
26 224 16 18 0.39703
907 189 14 17 0.39598
253 165 14 17 0.39523
326 64 18 21 0.38612
733 205 17 20 0.38587
480 378 22 27 0.38556
171 67 14 16 0.38456
927 163 14 17 0.38232
917 97 15 18 0.37880
600 157 14 17 0.37593
337 272 17 19 0.37216
151 308 20 24 0.37146
92 482 16 19 0.37113
192 235 15 19 0.37078
402 169 14 19 0.36572
680 155 14 17 0.36208
311 370 21 23 0.36130
85 194 16 19 0.36057
142 208 15 18 0.35950
509 215 16 19 0.35845
62 64 14 17 0.35583
555 316 19 22 0.35460
512 106 17 20 0.35421
502 241 18 20 0.33859
7 540 21 23 0.33822
383 189 18 22 0.33808
197 259 14 18 0.33749
261 430 18 24 0.33630
238 163 15 20 0.33464
579 259 17 21 0.33432
722 146 17 21 0.33399
707 549 25 28 0.33379
940 191 17 21 0.33069
365 322 18 21 0.32777
839 264 19 21 0.32458
362 206 14 17 0.32232
195 185 18 23 0.32189
93 233 17 18 0.31879
185 428 16 19 0.31789
292 32 13 16 0.31741
1 484 17 28 0.31579
144 431 21 23 0.31493
700 145 15 19 0.31053
652 532 25 29 0.30891
443 462 17 21 0.30852
333 182 16 18 0.30698
296 190 15 18 0.30664
543 206 18 21 0.30599
662 216 16 20 0.30571
788 101 17 19 0.30390
687 340 20 22 0.30368
895 199 14 18 0.30291
114 154 14 17 0.30262
260 266 16 19 0.30173
942 359 26 27 0.30113
884 177 13 16 0.30042
899 80 14 17 0.29858
294 156 17 20 0.29594
440 200 17 20 0.29519
535 184 15 18 0.29513
21 114 17 19 0.28988
624 52 13 16 0.28971
112 180 14 16 0.28936
231 113 15 18 0.28804
372 558 19 22 0.28728
860 34 12 14 0.28718
527 163 13 17 0.28666
205 78 13 15 0.28666
188 283 18 20 0.28556
880 207 15 19 0.28535
941 146 16 19 0.28356
9 178 14 18 0.28247
673 181 15 16 0.28175
215 221 15 18 0.28076
46 234 14 16 0.27380
641 428 16 19 0.27283
151 167 15 16 0.27257
187 96 14 17 0.27227
923 258 17 20 0.27131
205 104 13 16 0.26918
577 371 20 23 0.26894
43 281 19 21 0.26623
235 291 19 22 0.26617
626 125 15 18 0.26081
138 484 21 25 0.26017
89 69 14 16 0.25745
18 74 12 14 0.25703
454 173 16 20 0.25681
650 41 12 16 0.25565
90 130 12 15 0.25532
135 155 13 16 0.25516
221 406 17 21 0.25283
1003 220 16 21 0.25184
