2_Demonstration_Political_Rally_2_609
78
157 146 27 37 0.81867
635 391 16 19 0.72426
129 235 75 159 0.70931
808 543 23 27 0.66749
768 565 22 29 0.65655
887 456 17 21 0.65652
759 322 13 16 0.65598
996 350 16 20 0.62459
385 397 12 15 0.61029
771 409 13 16 0.59801
750 372 12 15 0.59686
692 413 14 18 0.58841
642 347 12 16 0.58804
665 319 12 13 0.57167
981 488 18 21 0.55923
965 450 13 17 0.55380
729 516 19 21 0.54521
942 375 14 17 0.54419
759 449 12 16 0.54159
910 430 14 18 0.53539
677 403 12 16 0.52062
554 364 12 15 0.51587
587 385 14 18 0.51485
462 365 12 16 0.51472
744 476 13 17 0.50085
785 464 14 18 0.50007
511 341 11 14 0.48768
712 407 11 14 0.48618
450 345 9 12 0.48133
903 475 14 19 0.47369
812 326 14 17 0.46426
391 363 11 13 0.45935
322 373 13 15 0.45764
790 438 14 18 0.44894
820 405 14 17 0.44535
489 388 15 19 0.43264
969 348 14 17 0.43104
851 556 17 23 0.41059
440 406 13 16 0.40352
892 554 15 18 0.39397
993 467 14 18 0.38942
618 430 12 14 0.38792
772 493 15 17 0.37932
477 409 13 16 0.37881
926 490 13 16 0.36321
721 426 13 16 0.36301
771 599 22 28 0.36133
740 401 11 14 0.36047
535 342 11 13 0.36017
419 390 12 16 0.33399
611 328 9 13 0.33392
805 280 11 14 0.32953
470 343 12 15 0.32825
343 360 10 12 0.32259
640 432 14 16 0.31802
885 390 13 17 0.31314
716 478 12 16 0.31223
305 362 11 14 0.30799
748 540 16 20 0.30723
851 395 12 16 0.30661
816 456 14 17 0.30512
412 436 14 17 0.30363
808 358 12 15 0.30082
720 460 12 14 0.29677
878 362 12 15 0.28695
742 613 28 36 0.28493
753 507 12 16 0.28140
358 385 9 12 0.28095
410 418 10 14 0.27848
681 405 13 19 0.27035
436 431 13 16 0.26815
852 521 15 18 0.26790
414 357 9 12 0.26463
944 523 16 20 0.25905
533 399 12 15 0.25897
908 506 16 21 0.25184
995 376 16 20 0.25063
983 474 20 24 0.25024
