2_Demonstration_Demonstration_Or_Protest_2_140
111
951 638 28 32 0.82332
741 548 17 21 0.75339
841 630 26 31 0.74129
330 519 16 19 0.73075
803 645 17 20 0.72318
769 542 17 21 0.71769
956 591 17 20 0.71746
203 541 16 19 0.70253
806 569 15 21 0.69999
785 562 15 18 0.69683
139 587 16 21 0.69439
833 543 15 19 0.69418
281 527 13 16 0.68447
383 476 12 15 0.67877
452 485 12 17 0.67067
455 397 11 14 0.66912
905 642 27 30 0.66395
765 624 15 21 0.65944
231 464 15 20 0.63279
158 544 13 18 0.61645
414 480 14 17 0.60887
639 385 11 14 0.60849
575 331 12 14 0.60707
601 380 12 15 0.59813
183 650 20 22 0.59570
413 563 16 19 0.58410
559 355 12 14 0.57911
494 477 12 15 0.56794
721 313 10 13 0.56233
524 528 12 15 0.56119
547 527 14 17 0.56067
300 520 13 17 0.55794
778 522 14 16 0.55583
332 608 17 21 0.55425
245 607 16 21 0.54787
521 572 19 24 0.54410
763 597 13 15 0.53989
701 462 15 18 0.53666
740 394 10 13 0.53553
549 477 13 16 0.51909
691 270 10 13 0.51624
181 617 13 16 0.50806
377 512 13 17 0.50692
686 416 13 16 0.49961
854 265 9 11 0.49668
638 488 13 17 0.49279
713 573 12 15 0.49223
431 621 17 21 0.48706
375 634 17 21 0.48323
861 598 14 17 0.47926
616 527 15 20 0.47862
724 475 15 17 0.47609
305 557 15 19 0.47257
250 563 15 19 0.47053
915 601 17 19 0.46348
657 332 10 12 0.45182
563 247 9 11 0.44558
232 486 14 16 0.44557
897 282 9 12 0.44088
683 476 13 17 0.43931
655 271 10 12 0.43409
591 459 14 17 0.42631
558 385 10 13 0.42052
673 367 11 13 0.41905
758 578 13 16 0.41736
685 504 15 17 0.41302
513 502 12 17 0.40762
909 578 14 17 0.40616
935 282 9 11 0.40516
609 656 21 23 0.40415
984 265 9 12 0.40279
597 245 8 11 0.40206
610 436 12 15 0.39168
545 399 11 13 0.39119
531 492 15 19 0.38493
721 627 17 21 0.38480
559 502 14 17 0.38280
743 243 8 11 0.37747
513 388 10 14 0.37274
553 419 10 14 0.36340
862 322 9 12 0.36126
528 619 18 23 0.35986
569 287 9 11 0.35222
711 390 10 13 0.34996
566 468 11 14 0.34484
859 290 9 12 0.34417
622 379 10 13 0.33865
303 608 13 18 0.33524
761 258 9 10 0.32877
542 257 8 10 0.32134
743 600 13 15 0.31961
31 659 20 19 0.31825
532 300 9 12 0.30717
220 620 18 21 0.30424
1000 218 8 10 0.29950
628 624 15 20 0.29906
653 558 14 18 0.29439
649 530 13 15 0.28164
390 615 14 19 0.27698
571 536 16 19 0.27231
962 231 7 10 0.26940
757 209 8 9 0.26765
569 432 11 13 0.26704
803 302 10 12 0.26480
721 254 9 10 0.26455
824 273 8 11 0.26311
378 573 13 17 0.25819
672 320 10 13 0.25370
784 258 9 10 0.25171
870 239 8 10 0.25151
415 656 16 18 0.25094
