2_Demonstration_Demonstration_Or_Protest_2_368
23
737 218 27 36 0.82843
642 231 19 23 0.76265
609 239 23 27 0.75273
877 237 24 38 0.75041
374 224 18 22 0.73138
299 233 15 21 0.71009
5 216 16 20 0.69376
519 219 18 22 0.62411
979 262 20 23 0.57564
564 242 15 18 0.56505
35 249 15 18 0.55104
955 279 14 18 0.53905
426 229 12 16 0.53458
459 239 13 16 0.50219
174 240 14 16 0.40775
826 205 11 14 0.40325
150 220 11 13 0.39833
721 234 18 25 0.34180
828 241 14 17 0.32442
772 244 15 17 0.29882
207 245 14 17 0.29586
667 263 18 19 0.28246
70 232 11 13 0.27962
