2_Demonstration_Political_Rally_2_18
65
863 447 19 24 0.80716
315 437 21 26 0.80528
223 274 19 25 0.79790
165 331 23 27 0.79474
241 421 21 28 0.79466
486 361 17 23 0.79106
528 395 20 27 0.79035
12 352 20 27 0.78991
501 449 18 24 0.78379
172 451 19 26 0.77135
623 455 18 24 0.76938
481 404 16 20 0.76886
133 296 18 23 0.76807
767 419 19 23 0.76622
354 343 20 26 0.76188
452 295 16 20 0.75953
315 262 16 22 0.75732
380 436 20 26 0.75620
442 454 21 32 0.75596
272 395 20 26 0.75297
67 339 17 21 0.75174
25 258 15 20 0.74750
25 310 18 23 0.74339
264 204 19 25 0.74283
96 446 21 26 0.73422
238 310 18 22 0.73414
156 409 19 25 0.72677
21 460 20 24 0.72675
147 385 19 24 0.72332
913 433 18 23 0.72208
83 289 18 22 0.71847
43 448 18 24 0.71681
102 241 17 21 0.70199
170 258 17 22 0.69656
88 266 18 20 0.68281
187 307 15 21 0.67928
423 428 16 20 0.66534
334 203 14 17 0.66225
41 240 17 22 0.66141
299 334 19 24 0.62574
226 252 18 19 0.62250
280 267 14 20 0.62116
187 226 17 21 0.61996
461 485 18 23 0.60685
341 275 12 15 0.57668
154 303 17 23 0.57038
42 422 18 21 0.53447
371 305 14 19 0.53427
364 429 16 21 0.53240
395 391 14 18 0.50830
299 318 19 24 0.48963
56 260 12 16 0.44266
75 321 16 19 0.43674
38 338 15 18 0.43184
365 344 17 24 0.43031
132 427 14 19 0.41273
0 208 12 20 0.40549
106 289 12 17 0.39361
1 258 9 15 0.37584
162 223 16 19 0.33057
545 435 15 19 0.32711
426 370 12 16 0.31614
386 394 14 18 0.30320
428 417 17 21 0.28479
231 383 20 25 0.26873
