2_Demonstration_Political_Rally_2_83
92
168 0 31 37 0.87293
598 489 100 136 0.87160
1 394 87 99 0.86529
179 156 48 58 0.86292
288 569 105 119 0.85822
403 304 86 120 0.85305
881 561 112 120 0.84270
228 268 69 89 0.83987
887 159 50 56 0.83764
622 389 96 104 0.81416
74 218 54 59 0.81051
232 120 40 54 0.80301
810 136 38 47 0.79958
180 391 70 98 0.79952
879 338 80 85 0.79663
205 226 58 73 0.79301
446 117 41 53 0.78182
217 61 38 48 0.77974
117 527 116 112 0.77684
325 164 51 65 0.77518
497 209 64 78 0.77181
475 84 38 45 0.76648
94 290 72 80 0.76017
561 81 31 36 0.75821
96 615 107 76 0.75699
971 215 52 89 0.75344
929 199 49 52 0.74688
562 293 74 76 0.73644
290 32 31 42 0.72983
45 182 50 62 0.72830
111 80 33 42 0.71981
5 126 53 66 0.71938
465 182 54 68 0.71639
626 66 29 37 0.71288
741 154 48 51 0.71072
473 16 28 32 0.70954
677 616 109 77 0.70651
428 34 26 32 0.69359
204 110 32 39 0.68271
2 71 33 45 0.68073
383 154 37 48 0.67909
264 20 23 31 0.67819
981 441 45 103 0.66901
949 161 56 54 0.65447
791 122 33 38 0.64862
870 29 25 32 0.64326
310 72 27 35 0.63971
132 175 43 52 0.63441
996 129 25 36 0.63070
965 82 37 51 0.60214
750 20 21 25 0.59759
592 93 47 56 0.57983
824 62 24 37 0.57543
942 79 35 41 0.57202
391 107 42 50 0.56089
402 196 55 68 0.55304
668 49 24 26 0.53493
0 146 22 67 0.53170
76 39 32 36 0.51343
379 96 31 37 0.51166
387 64 28 29 0.50495
883 76 35 39 0.48810
43 294 35 50 0.48801
116 41 28 36 0.47670
556 187 25 35 0.47066
606 61 22 26 0.46785
1 255 45 92 0.43479
630 248 47 50 0.42179
819 331 49 54 0.41407
246 188 32 38 0.39493
918 0 23 25 0.38078
996 99 28 40 0.37795
693 6 18 22 0.36935
813 39 27 28 0.36756
775 176 50 58 0.35554
252 67 26 37 0.35305
947 9 20 24 0.35231
342 30 26 32 0.34855
62 140 38 44 0.34568
411 0 24 22 0.33102
751 77 34 44 0.32679
536 57 28 42 0.31728
120 3 37 43 0.30971
510 1 28 25 0.30576
475 46 22 27 0.29654
372 238 60 70 0.29079
233 7 27 34 0.28960
587 113 61 67 0.28438
392 15 21 24 0.27538
732 381 61 94 0.26905
760 90 31 39 0.26422
741 68 33 49 0.26246
