2_Demonstration_Protesters_2_912
26
835 326 28 35 0.82740
878 331 26 34 0.81426
996 351 25 32 0.81370
145 434 24 31 0.79950
717 276 33 44 0.79518
42 349 14 18 0.73296
255 338 14 18 0.69375
170 363 18 21 0.68840
477 311 23 31 0.66708
786 335 17 21 0.64938
597 320 22 32 0.63438
512 341 17 24 0.62076
645 347 15 17 0.60691
548 314 18 22 0.58912
350 351 19 24 0.56475
64 349 11 16 0.55311
525 317 14 19 0.54815
259 385 21 38 0.54699
128 372 13 19 0.53137
619 322 15 22 0.48755
919 339 12 16 0.39699
370 328 10 12 0.37468
194 336 11 15 0.37012
953 309 10 13 0.32904
652 327 13 14 0.27766
509 308 12 17 0.26521
