2_Demonstration_Demonstrators_2_517
26
137 290 77 90 0.89307
167 125 48 54 0.88725
463 362 67 76 0.88301
779 296 78 90 0.87859
703 128 51 62 0.86840
504 111 39 49 0.86706
802 109 36 43 0.84731
653 147 28 44 0.82736
987 85 25 30 0.82202
887 98 33 34 0.80007
259 120 44 65 0.79755
109 95 27 32 0.77622
789 87 29 32 0.77070
921 108 22 25 0.74817
477 116 20 30 0.69326
426 75 17 21 0.69023
220 111 22 27 0.61609
614 71 15 18 0.61528
766 66 16 19 0.58567
485 96 14 17 0.55152
591 125 17 22 0.50273
698 79 11 14 0.41922
858 87 16 23 0.39781
218 99 17 20 0.34842
242 90 14 19 0.33152
532 68 10 13 0.27129
