2_Demonstration_Protesters_2_46
37
337 71 67 98 0.85403
78 52 59 75 0.84754
822 64 78 94 0.84709
497 149 71 105 0.84057
126 103 66 102 0.83855
646 273 75 123 0.83415
478 556 90 148 0.82545
260 144 68 110 0.81963
739 436 95 139 0.81602
273 16 54 65 0.80493
959 120 63 100 0.79674
431 497 92 155 0.79390
753 44 62 80 0.78110
575 558 109 150 0.77469
369 338 110 122 0.76054
51 244 72 106 0.75218
605 613 106 116 0.74136
623 94 56 86 0.73860
810 601 68 113 0.73679
397 118 42 65 0.71468
930 48 52 68 0.70626
959 527 62 108 0.68726
761 128 59 70 0.68175
259 457 75 89 0.67700
923 600 97 129 0.67511
0 429 45 123 0.65230
42 21 60 63 0.63134
556 35 71 94 0.61832
726 196 60 72 0.60355
235 84 59 93 0.47770
929 212 82 111 0.45371
361 345 68 79 0.42393
5 234 67 85 0.39554
0 98 20 79 0.32302
200 39 39 41 0.27902
236 528 133 189 0.27417
830 19 44 47 0.27129
