2_Demonstration_Protesters_2_618
22
366 165 50 68 0.88673
459 256 61 77 0.88625
243 48 41 54 0.88621
599 13 45 56 0.88072
322 88 47 63 0.88062
705 44 43 56 0.87783
147 72 44 55 0.87650
963 49 43 52 0.87569
518 168 52 68 0.87530
483 18 40 52 0.87470
936 161 49 59 0.86869
251 235 55 65 0.86361
1 20 36 46 0.86293
0 164 32 63 0.86111
444 189 51 66 0.84741
604 147 56 70 0.83812
850 257 50 79 0.82950
821 236 49 57 0.82921
807 0 55 51 0.81096
379 0 23 22 0.51451
205 298 32 50 0.32253
453 0 29 24 0.28304
