2_Demonstration_Protesters_2_163
34
366 151 16 21 0.76180
50 176 20 24 0.74418
221 121 35 48 0.72958
498 122 13 16 0.69384
543 516 52 56 0.67768
157 185 16 22 0.67758
961 14 20 24 0.67263
864 70 11 13 0.66730
642 115 10 13 0.62634
79 208 23 27 0.60643
589 123 11 14 0.60212
101 194 14 18 0.58662
690 150 10 14 0.58083
539 120 11 14 0.52814
456 141 13 14 0.49890
617 113 11 13 0.49341
525 118 12 14 0.48962
501 263 27 30 0.48171
599 105 11 13 0.48102
429 132 10 14 0.46705
529 184 13 17 0.46346
14 206 11 13 0.44012
125 195 12 15 0.43629
752 158 11 13 0.41989
574 115 10 14 0.39105
679 163 11 14 0.36842
809 117 9 12 0.33845
554 331 31 41 0.33590
559 122 10 14 0.33238
584 123 11 13 0.31174
898 80 9 11 0.31129
306 162 13 15 0.29505
416 137 12 15 0.28663
533 121 11 13 0.26145
