2_Demonstration_Demonstration_Or_Protest_2_600
63
150 307 34 41 0.84721
43 242 70 85 0.82347
223 388 34 46 0.77738
887 278 46 75 0.77107
819 306 32 44 0.76782
481 302 26 32 0.75303
948 404 31 46 0.74552
379 148 16 19 0.73462
638 149 19 21 0.72983
25 102 13 16 0.70273
255 110 11 14 0.68472
505 145 18 22 0.67971
703 130 14 16 0.67250
868 220 24 30 0.66353
242 164 12 16 0.65835
123 111 13 16 0.65676
563 126 14 18 0.64061
54 153 16 19 0.63330
285 149 14 17 0.63284
190 147 18 22 0.63059
170 103 11 14 0.62653
37 160 12 16 0.61745
675 352 33 43 0.61175
797 148 15 19 0.61149
0 157 12 19 0.60246
227 103 10 14 0.60106
81 102 11 14 0.59363
436 107 10 13 0.58865
344 313 24 27 0.58420
686 103 11 14 0.58232
954 265 26 25 0.57699
499 109 12 13 0.56471
958 125 12 15 0.54885
943 148 13 15 0.52502
731 110 13 15 0.52407
658 117 11 13 0.51500
540 113 11 13 0.51468
403 106 12 14 0.51371
834 119 10 13 0.51348
221 50 9 11 0.49451
111 36 11 14 0.48642
732 149 13 16 0.47516
274 60 9 10 0.46693
998 85 13 17 0.46678
615 96 12 14 0.45422
151 56 10 11 0.45247
852 137 13 16 0.45171
596 110 10 12 0.44761
900 127 10 12 0.42038
84 46 10 13 0.40751
562 105 10 12 0.39803
153 166 14 20 0.39704
727 145 13 15 0.39461
6 31 9 13 0.37272
432 166 14 17 0.36388
793 117 11 13 0.36278
239 56 10 12 0.34713
821 113 8 10 0.34441
28 41 9 12 0.31860
772 119 10 13 0.28266
316 105 11 13 0.28128
887 144 14 17 0.27199
633 113 9 13 0.26953
