2_Demonstration_Political_Rally_2_57
29
211 145 34 45 0.86303
588 132 34 49 0.84201
492 164 33 44 0.83662
79 138 32 45 0.83126
358 141 34 42 0.82882
895 254 32 43 0.82628
780 146 31 41 0.82364
385 122 28 38 0.81098
826 121 33 44 0.80383
526 154 32 37 0.79169
277 146 28 35 0.77553
758 145 30 36 0.77276
666 179 28 37 0.76680
944 169 30 38 0.76362
0 126 16 41 0.76070
918 172 23 36 0.74081
274 208 33 38 0.73879
464 155 23 36 0.70899
147 136 32 36 0.68146
929 217 25 32 0.67451
259 130 22 30 0.66847
105 122 30 34 0.60546
446 83 15 20 0.47998
934 152 21 24 0.46778
643 132 20 28 0.43075
484 307 49 62 0.39360
7 126 19 32 0.39008
490 136 16 20 0.38312
644 147 20 33 0.25127
