2_Demonstration_Demonstration_Or_Protest_2_200
43
72 267 38 49 0.86680
852 324 40 51 0.84993
85 131 31 41 0.84438
278 218 35 47 0.83764
177 225 34 41 0.81289
789 383 45 59 0.80108
806 491 58 62 0.77407
388 224 23 33 0.76852
948 175 36 40 0.74687
223 188 32 44 0.74531
949 306 35 45 0.72155
13 369 43 50 0.68259
22 68 16 22 0.67807
399 48 14 20 0.66635
357 26 13 17 0.64955
310 97 14 17 0.64324
842 131 24 29 0.64082
462 12 13 16 0.63311
275 67 13 17 0.62684
883 164 27 36 0.62387
303 356 56 64 0.60906
917 394 40 46 0.58534
679 36 23 24 0.57407
666 382 41 57 0.57206
353 156 22 27 0.56587
286 173 25 29 0.55416
394 167 23 29 0.52734
540 170 23 34 0.52030
89 28 14 20 0.50778
906 113 22 27 0.43122
361 112 18 20 0.42990
503 6 13 17 0.41594
903 0 16 17 0.41486
923 72 24 28 0.39768
1006 80 16 36 0.39261
796 11 20 22 0.37142
18 127 17 22 0.37023
767 331 40 47 0.35885
2 84 15 21 0.29351
403 484 47 45 0.28368
408 141 15 20 0.26749
648 33 17 23 0.26603
353 119 16 19 0.26208
