2_Demonstration_Demonstrators_2_307
34
436 71 9 12 0.61940
194 589 17 22 0.54450
468 83 9 12 0.52176
744 116 10 13 0.51453
649 117 9 12 0.46707
644 186 9 12 0.43826
617 104 9 12 0.43514
87 118 10 11 0.42559
907 216 11 13 0.41182
556 36 8 10 0.39334
404 73 9 11 0.38420
725 23 9 12 0.37863
741 193 9 12 0.37748
752 169 9 12 0.36939
196 91 9 11 0.34980
701 78 10 12 0.34802
409 174 12 14 0.34530
573 132 9 10 0.33853
385 8 9 11 0.32316
587 93 9 11 0.31619
617 170 9 10 0.31348
741 60 9 12 0.31282
607 146 9 12 0.30970
379 94 10 11 0.30913
678 123 9 10 0.30852
201 454 14 17 0.29444
1013 80 9 13 0.29028
246 67 9 11 0.29026
389 395 14 17 0.28181
844 212 10 12 0.28141
297 191 8 10 0.27445
645 88 10 12 0.26941
372 162 9 11 0.25825
257 96 9 12 0.25695
