2_Demonstration_Demonstrators_2_378
79
103 461 66 78 0.87254
155 265 39 47 0.86990
942 400 55 67 0.85965
87 294 49 51 0.85740
218 495 68 79 0.84890
198 405 62 64 0.84790
671 330 51 61 0.84717
413 191 37 40 0.84453
597 419 48 52 0.83666
536 257 33 42 0.82982
501 299 51 56 0.82834
483 208 30 39 0.82705
809 491 59 68 0.81850
609 330 47 58 0.81631
307 276 38 44 0.81610
262 356 56 60 0.80150
397 238 32 37 0.79661
104 138 24 28 0.79598
500 520 72 57 0.79427
508 360 44 58 0.79341
193 190 24 32 0.79229
220 244 37 46 0.78827
750 423 47 51 0.78814
649 262 35 41 0.78624
360 228 32 37 0.78548
262 222 39 44 0.77585
209 137 22 27 0.77501
0 309 27 64 0.76333
959 151 21 28 0.76076
643 436 54 68 0.75786
765 320 37 42 0.75685
549 375 40 55 0.75429
324 465 49 60 0.75315
645 495 60 71 0.74406
947 227 27 35 0.74177
328 219 27 37 0.74080
99 208 33 34 0.73951
753 369 44 50 0.73594
711 405 40 49 0.73481
892 207 19 27 0.73028
428 306 43 54 0.72982
432 463 69 66 0.72741
494 420 50 64 0.72536
157 169 26 29 0.72361
12 207 38 39 0.72241
93 248 35 37 0.71372
569 242 30 32 0.70845
601 272 33 36 0.70376
346 193 23 30 0.69971
737 286 27 38 0.69720
1003 215 19 28 0.67777
371 290 37 46 0.66522
155 206 30 34 0.66018
903 355 39 47 0.65895
837 392 51 50 0.65864
311 170 22 28 0.65771
185 376 43 57 0.63805
390 332 44 57 0.62892
870 338 30 32 0.61217
723 454 44 60 0.60790
281 290 27 41 0.60161
640 293 39 44 0.60091
928 175 21 25 0.59958
9 276 37 52 0.56906
292 196 24 27 0.53634
925 211 29 34 0.51121
136 199 20 28 0.48778
816 280 23 29 0.48317
683 488 73 85 0.47525
911 135 14 18 0.47197
140 303 30 46 0.46947
47 186 27 33 0.45759
1008 131 14 27 0.44088
899 402 41 55 0.41823
629 246 18 24 0.40867
944 339 22 26 0.38636
647 281 34 42 0.35518
394 346 50 69 0.27388
922 102 10 12 0.27275
