2_Demonstration_Protesters_2_684
56
909 416 18 23 0.74596
736 433 17 21 0.72701
109 496 17 24 0.71460
872 433 18 23 0.70510
230 421 17 21 0.68973
859 577 59 64 0.63625
774 414 14 17 0.63422
950 475 24 29 0.63263
205 373 12 14 0.59246
660 441 19 21 0.57561
357 432 16 18 0.57250
397 357 10 13 0.55963
307 389 15 17 0.54788
561 465 18 23 0.54376
694 362 12 15 0.53455
740 374 12 15 0.52834
305 493 18 23 0.52097
77 401 14 17 0.51298
754 325 11 13 0.51162
364 373 11 15 0.50714
465 369 14 17 0.50432
603 473 21 23 0.48329
886 336 12 13 0.48212
688 330 12 15 0.47625
397 327 10 12 0.47511
808 307 10 12 0.45814
616 421 13 16 0.45127
465 341 11 14 0.44390
829 450 18 22 0.42015
337 350 11 14 0.41654
164 350 10 13 0.41521
372 351 11 13 0.40908
1006 310 11 14 0.40017
574 361 11 13 0.39762
537 375 11 13 0.37483
816 339 10 13 0.37267
504 322 9 11 0.35294
41 361 9 12 0.35170
649 348 10 13 0.34573
619 345 10 13 0.34540
521 425 14 17 0.34391
685 545 20 26 0.33620
854 363 12 14 0.33212
856 386 15 18 0.32623
990 272 8 10 0.32335
187 342 8 11 0.32243
447 374 11 14 0.31178
1 480 19 25 0.31022
573 322 10 12 0.30951
477 318 9 12 0.30283
478 431 14 18 0.29789
1005 338 12 15 0.27855
441 323 10 12 0.27362
304 346 9 10 0.26947
858 465 20 25 0.26500
97 331 9 12 0.26126
