2_Demonstration_Demonstration_Or_Protest_2_578
39
569 308 26 32 0.84917
668 294 29 37 0.84257
941 321 27 36 0.83635
148 323 21 26 0.82290
853 333 29 34 0.81497
322 319 25 31 0.81367
502 302 24 31 0.81229
71 309 21 27 0.79877
960 224 16 19 0.79765
423 306 24 28 0.79179
256 333 21 26 0.77269
748 252 16 21 0.77061
780 346 26 32 0.76583
883 250 16 20 0.74694
1 310 21 24 0.74173
213 355 21 24 0.72059
579 277 18 22 0.72015
810 232 14 18 0.69034
231 273 13 16 0.68572
704 213 11 13 0.67698
982 233 15 19 0.67306
906 224 12 14 0.65921
614 223 11 14 0.61309
94 268 12 16 0.60311
499 258 12 16 0.54618
575 217 9 12 0.53185
384 249 13 17 0.50259
304 248 11 14 0.49546
698 248 14 16 0.48537
586 251 13 16 0.47147
183 246 10 13 0.45258
667 189 8 11 0.44869
549 222 10 12 0.43864
473 338 12 14 0.41561
296 222 9 11 0.41025
454 325 14 17 0.38647
804 204 9 13 0.37091
497 277 13 16 0.28367
316 222 9 12 0.27339
