2_Demonstration_Protesters_2_531
259
365 583 22 27 0.78888
228 649 19 27 0.77220
926 541 22 26 0.75068
116 510 20 23 0.74002
456 511 18 23 0.72150
161 644 22 24 0.72114
171 510 17 23 0.71852
918 482 19 25 0.71526
617 432 21 28 0.70903
412 521 21 27 0.70576
978 435 18 25 0.70504
767 538 21 27 0.70242
105 582 21 26 0.70174
604 328 17 22 0.70037
123 539 19 24 0.69710
13 566 20 26 0.69007
313 490 18 24 0.66859
265 572 19 26 0.66390
516 462 19 23 0.66247
1002 579 19 26 0.65374
569 548 20 25 0.65272
494 446 17 21 0.64682
751 363 16 19 0.64665
741 333 14 17 0.64367
879 539 21 24 0.64275
407 476 18 22 0.64111
191 432 15 22 0.63612
584 327 14 20 0.62908
280 327 14 19 0.62861
933 261 13 17 0.62091
453 321 14 18 0.61414
644 478 18 23 0.60659
80 457 19 26 0.60642
749 421 17 20 0.60556
398 505 18 24 0.60509
49 373 14 19 0.60255
667 233 13 17 0.60086
294 651 21 27 0.60071
282 499 18 23 0.59465
95 423 17 23 0.59161
411 158 12 14 0.58847
245 473 18 22 0.58795
585 492 18 24 0.58595
867 464 18 21 0.58532
959 313 14 19 0.58427
822 231 13 17 0.58376
205 190 13 15 0.58314
989 263 14 18 0.57360
665 541 18 25 0.57279
897 310 13 17 0.57056
678 141 10 13 0.56984
841 262 15 20 0.56965
990 389 16 22 0.56843
156 474 16 20 0.56820
784 483 20 25 0.56110
411 230 14 17 0.56019
899 263 13 17 0.55700
749 488 16 21 0.55664
847 197 12 16 0.55662
128 217 10 13 0.54597
894 407 17 20 0.54338
91 281 13 16 0.54120
615 303 15 19 0.54119
958 238 14 18 0.54021
61 493 17 22 0.53854
264 275 14 19 0.53600
335 512 18 21 0.53316
425 209 12 15 0.53251
500 314 15 20 0.53090
602 457 18 22 0.52870
570 307 14 17 0.52848
11 413 16 21 0.52586
996 643 18 28 0.52567
785 436 18 25 0.52351
972 219 13 18 0.52328
234 492 16 21 0.52186
606 244 12 16 0.52130
465 481 17 23 0.52018
654 261 18 23 0.51999
420 337 15 18 0.51748
357 302 14 17 0.51721
40 287 13 15 0.51701
22 363 15 19 0.51544
21 435 17 22 0.51290
367 243 12 15 0.51240
273 466 16 22 0.50685
680 197 14 18 0.50658
845 414 16 21 0.50589
498 285 15 19 0.50472
862 180 13 17 0.50392
694 322 15 19 0.50358
789 323 16 19 0.50281
122 474 15 18 0.50010
453 205 12 13 0.49783
0 604 12 26 0.49691
962 423 15 20 0.49687
540 217 13 17 0.49675
347 414 18 23 0.49544
458 138 11 15 0.49508
339 216 11 14 0.49482
309 212 11 14 0.49320
502 227 12 16 0.49195
71 204 12 15 0.48921
21 519 19 20 0.48790
452 237 13 16 0.48629
415 446 17 21 0.48608
745 248 12 16 0.48442
564 279 14 18 0.48267
399 252 14 16 0.47151
637 238 13 18 0.47109
889 192 12 16 0.46913
475 311 14 19 0.46757
902 363 17 21 0.46541
514 567 18 21 0.46511
497 194 12 16 0.46481
424 300 13 17 0.46176
795 392 14 17 0.46093
662 354 14 17 0.45868
410 200 11 14 0.45684
822 132 10 13 0.45551
835 312 14 18 0.45490
379 423 15 18 0.45447
93 239 13 16 0.45402
24 244 11 15 0.45359
957 180 13 16 0.45321
680 389 16 19 0.45233
71 315 13 18 0.45128
142 621 17 22 0.45090
418 571 17 25 0.44778
33 164 11 14 0.44724
829 187 12 15 0.44485
154 287 13 17 0.44346
279 433 17 22 0.43896
422 132 9 12 0.43414
116 324 13 17 0.43234
795 267 13 15 0.43090
908 186 14 16 0.42883
896 77 11 13 0.42393
627 387 15 18 0.42272
53 316 13 16 0.42144
867 251 12 15 0.42120
38 354 14 17 0.41624
135 302 14 18 0.41608
793 120 10 13 0.41446
431 416 15 18 0.41406
295 384 18 22 0.41384
471 280 15 20 0.41301
975 299 14 18 0.41001
943 94 10 13 0.40895
132 250 12 16 0.40838
242 229 11 14 0.40738
354 156 12 15 0.40706
44 51 9 12 0.40594
686 448 15 18 0.40423
525 302 13 16 0.39577
275 183 11 13 0.39515
743 73 10 13 0.39354
785 569 17 22 0.39333
143 405 16 18 0.39052
348 450 15 18 0.38933
800 289 14 17 0.38890
848 240 13 17 0.38846
175 240 11 14 0.38440
247 373 15 18 0.38021
836 317 16 20 0.38019
186 210 11 14 0.37923
344 395 14 18 0.37713
553 179 11 15 0.37539
758 91 11 13 0.37471
367 380 15 19 0.37245
592 263 13 17 0.37072
162 194 11 14 0.36817
873 142 11 13 0.36815
744 110 10 13 0.36143
686 174 11 14 0.35938
238 287 13 17 0.35820
938 160 14 16 0.35790
708 168 11 13 0.35741
1007 228 14 17 0.35726
776 286 12 14 0.35675
581 287 13 17 0.35440
755 406 16 19 0.35277
201 298 14 17 0.35274
774 123 10 14 0.35272
278 225 12 15 0.35224
323 228 11 13 0.34970
268 155 10 13 0.34935
128 384 11 15 0.34813
617 360 14 17 0.34784
775 260 12 16 0.34702
859 74 10 12 0.34516
353 479 15 18 0.34168
474 419 16 20 0.34112
346 341 12 16 0.34034
210 93 9 11 0.33483
178 129 10 12 0.33470
678 16 10 12 0.33468
681 248 13 16 0.33311
759 151 11 13 0.33287
894 110 11 14 0.33161
344 286 11 15 0.32804
830 405 13 17 0.32567
482 147 11 14 0.32050
941 225 13 15 0.31986
24 472 15 20 0.31971
890 384 15 17 0.31941
420 281 13 16 0.31797
280 106 10 12 0.31408
318 256 11 14 0.31317
100 216 10 13 0.31239
654 313 14 18 0.31055
537 320 12 15 0.30944
17 429 16 20 0.30929
498 104 10 12 0.30887
996 318 15 18 0.30599
537 100 10 13 0.30557
781 77 9 12 0.30423
748 173 12 15 0.30356
814 106 11 13 0.30343
212 496 11 15 0.30257
582 94 11 14 0.30170
517 504 17 20 0.30168
40 316 12 16 0.30048
362 92 11 13 0.29970
700 142 9 12 0.29948
487 79 10 12 0.29872
633 408 15 17 0.29749
894 169 12 15 0.29691
203 313 14 16 0.29464
679 120 12 14 0.29333
234 184 12 14 0.28979
644 185 11 12 0.28828
843 330 12 15 0.28330
925 333 12 15 0.28264
910 102 11 13 0.28251
991 164 10 13 0.28144
732 199 11 15 0.28134
731 231 12 14 0.28096
758 319 11 15 0.27751
809 257 13 16 0.27545
733 26 8 11 0.27174
585 209 11 13 0.27110
852 362 15 18 0.26875
518 93 10 13 0.26577
321 179 9 11 0.26491
544 117 11 15 0.26245
150 325 13 15 0.26195
68 212 15 19 0.26168
356 138 10 12 0.25847
702 412 14 17 0.25812
871 225 12 16 0.25739
292 143 11 13 0.25737
209 269 14 17 0.25578
387 116 10 13 0.25528
631 341 12 16 0.25350
126 195 11 14 0.25340
184 167 9 12 0.25306
50 195 11 14 0.25179
226 219 12 15 0.25154
