2_Demonstration_Protesters_2_54
23
21 212 22 26 0.82624
417 99 19 24 0.78236
520 67 16 21 0.76259
296 86 14 18 0.75075
332 65 18 21 0.74485
173 164 16 22 0.73771
392 75 14 19 0.73731
149 207 23 29 0.73360
17 164 18 22 0.71143
599 139 19 23 0.70964
807 106 15 21 0.69556
312 142 20 22 0.69008
525 139 20 22 0.68624
224 163 21 23 0.67447
363 79 14 17 0.65426
679 126 18 22 0.65129
871 138 17 19 0.63838
437 137 19 22 0.62881
547 58 15 19 0.58645
87 58 10 12 0.56868
172 49 8 10 0.37864
74 102 11 13 0.28266
686 159 19 24 0.28209
