2_Demonstration_Demonstration_Or_Protest_2_120
61
901 508 40 46 0.86290
5 489 79 76 0.83930
821 512 28 36 0.82725
965 584 51 51 0.82335
715 427 24 29 0.81931
997 481 26 34 0.80986
660 444 29 30 0.80197
483 293 21 26 0.77846
889 392 21 24 0.75018
470 255 19 24 0.74655
817 392 17 20 0.73549
838 385 15 17 0.72245
360 282 15 18 0.71497
916 391 18 21 0.71348
748 378 15 19 0.71344
958 396 17 19 0.69642
980 369 16 17 0.69530
980 419 26 25 0.68788
724 395 15 19 0.68350
837 469 22 29 0.66294
395 260 13 20 0.65980
856 417 28 27 0.65441
936 427 23 23 0.64984
797 377 17 20 0.64321
961 348 15 17 0.63959
120 295 13 16 0.62649
290 301 13 15 0.62430
919 341 13 15 0.62226
856 350 12 15 0.61829
505 266 19 23 0.61296
987 340 15 17 0.59680
1002 370 13 16 0.57824
910 372 17 21 0.56440
757 327 12 16 0.55958
30 286 14 16 0.55645
883 356 12 16 0.55436
806 324 11 13 0.55064
792 567 56 66 0.54389
196 412 31 41 0.54029
936 475 26 29 0.53964
775 362 13 16 0.52854
560 329 10 12 0.50297
723 338 11 13 0.49303
716 563 44 39 0.47367
868 389 16 20 0.46247
778 309 11 14 0.45113
275 289 12 15 0.39568
817 364 13 16 0.38626
0 300 12 17 0.37792
896 328 11 14 0.37570
776 339 12 14 0.35095
562 309 9 11 0.34994
247 407 40 45 0.32593
524 272 11 15 0.32538
335 360 17 23 0.32212
932 328 10 12 0.29231
715 357 13 14 0.28430
175 297 11 13 0.26970
752 359 14 16 0.26256
757 307 10 11 0.25643
818 308 8 10 0.25620
