2_Demonstration_Political_Rally_2_791
41
593 39 69 89 0.88356
546 299 68 89 0.87940
205 408 77 91 0.87537
395 351 64 79 0.87361
650 274 68 85 0.86655
777 365 66 88 0.85208
403 138 58 87 0.84699
21 543 36 40 0.80183
992 517 27 35 0.77693
490 539 37 37 0.77217
322 468 29 33 0.76170
334 540 36 37 0.74430
42 469 23 27 0.70914
957 511 27 30 0.69514
860 520 28 35 0.68843
307 427 31 40 0.67363
669 516 46 56 0.65946
825 543 36 37 0.62752
960 429 24 29 0.60887
1002 493 22 34 0.59444
399 526 32 38 0.55721
81 515 28 30 0.50717
924 491 21 28 0.48842
15 509 21 30 0.46859
59 440 17 21 0.45047
650 490 28 32 0.44549
474 520 26 31 0.43638
939 551 31 29 0.36207
589 482 18 25 0.35364
1003 406 18 27 0.34103
44 519 32 35 0.33920
623 499 22 27 0.33214
56 535 30 33 0.32507
330 402 30 30 0.32291
104 455 14 18 0.31809
857 493 18 24 0.31803
736 537 40 37 0.31405
128 525 23 28 0.30103
38 424 19 24 0.29789
372 537 27 33 0.29694
943 330 18 24 0.27751
