2_Demonstration_Demonstration_Or_Protest_2_54
35
857 129 42 54 0.85293
444 135 36 44 0.85011
727 163 32 41 0.84150
774 136 36 42 0.83916
105 161 26 31 0.82701
983 231 33 39 0.81925
323 210 41 45 0.79361
240 149 29 40 0.79305
195 58 18 23 0.79163
566 152 23 27 0.78218
170 111 21 25 0.76183
181 175 22 30 0.76119
531 150 19 23 0.75744
668 136 28 30 0.74383
612 162 22 27 0.71226
401 170 18 23 0.70875
103 89 23 25 0.69792
505 143 20 23 0.67219
267 144 20 25 0.66993
171 148 18 25 0.66026
317 154 18 23 0.64811
373 92 13 16 0.64469
271 193 20 31 0.62710
641 155 21 23 0.59222
362 181 16 19 0.57720
241 116 16 20 0.47744
307 39 9 12 0.43677
580 197 27 32 0.43483
257 145 23 35 0.42369
131 152 18 23 0.41271
1005 195 20 39 0.39996
533 124 13 17 0.38153
125 97 15 20 0.32783
1009 191 15 28 0.29736
489 57 15 24 0.26387
