2_Demonstration_Demonstration_Or_Protest_2_619
37
677 95 13 17 0.69968
907 116 17 23 0.66004
990 194 15 19 0.64248
946 223 16 18 0.63265
855 102 14 16 0.61967
808 86 12 15 0.61235
553 112 12 15 0.59833
417 114 13 15 0.58652
294 176 13 17 0.58495
501 112 11 14 0.58239
416 394 16 18 0.57619
594 25 10 12 0.55335
620 112 14 16 0.54786
203 149 16 17 0.52136
735 51 10 13 0.51888
392 127 13 15 0.51418
526 124 12 15 0.49380
647 139 14 18 0.49329
155 200 12 14 0.47867
893 185 14 19 0.46842
201 227 16 23 0.45868
550 15 8 10 0.42418
453 114 11 14 0.42239
649 183 16 19 0.41442
818 139 12 18 0.40525
758 116 13 15 0.40075
553 195 15 19 0.38122
432 92 12 14 0.37072
577 152 13 17 0.36568
471 542 19 22 0.35554
384 343 16 21 0.33148
735 138 12 14 0.31863
335 135 13 15 0.31674
781 147 13 16 0.31597
428 181 16 19 0.28166
473 546 22 25 0.27582
783 180 15 21 0.26226
