2_Demonstration_Political_Rally_2_335
149
704 318 46 59 0.87334
308 326 55 64 0.85320
109 268 46 50 0.85311
379 333 53 64 0.85298
895 340 49 63 0.85235
786 566 69 85 0.84934
353 502 59 79 0.84254
730 78 30 36 0.83848
279 430 53 62 0.83564
605 160 37 43 0.83301
822 479 72 79 0.83221
0 229 29 48 0.83185
169 187 44 48 0.82988
248 553 66 83 0.82867
943 116 29 36 0.82862
670 415 59 69 0.82862
879 150 30 39 0.82570
844 216 46 46 0.82238
6 330 43 58 0.82192
327 104 29 35 0.82166
212 283 45 62 0.82110
447 376 42 56 0.81998
754 176 36 42 0.81992
403 260 55 65 0.81851
339 56 22 29 0.81726
578 61 27 31 0.81708
328 429 71 71 0.81664
85 237 47 53 0.81568
657 128 29 33 0.81053
617 81 28 32 0.80852
476 175 32 40 0.80578
232 229 42 47 0.80408
272 268 49 56 0.80395
1 405 54 64 0.80206
487 245 45 50 0.79916
667 65 25 29 0.79394
66 207 41 43 0.79358
159 260 34 42 0.79031
444 155 30 40 0.78684
247 94 22 33 0.78183
134 479 45 75 0.77899
106 147 30 34 0.77417
653 229 51 56 0.77337
572 479 47 58 0.77166
924 197 30 41 0.77078
573 329 44 51 0.77008
696 218 40 40 0.76304
860 119 22 27 0.76220
145 148 30 41 0.75802
61 140 39 42 0.75603
474 298 42 49 0.74667
68 396 51 62 0.74648
36 215 30 42 0.74463
191 264 36 48 0.74172
778 198 37 45 0.73639
243 179 33 35 0.73236
540 219 47 48 0.73049
116 351 56 64 0.73013
336 275 54 64 0.72674
861 65 26 29 0.72617
36 78 27 32 0.72550
742 141 27 34 0.72543
361 158 45 44 0.72322
270 194 31 41 0.72219
878 310 38 52 0.72065
141 99 27 33 0.71896
735 445 55 73 0.71763
277 328 40 52 0.70383
145 228 33 37 0.69355
840 167 40 44 0.69279
608 405 60 59 0.69212
1 493 53 63 0.68953
483 126 32 39 0.68870
554 564 73 91 0.68508
760 247 46 54 0.67649
69 88 26 30 0.67539
169 73 22 27 0.67137
908 7 17 21 0.66519
483 447 51 65 0.66505
665 177 41 41 0.66159
987 5 18 21 0.65924
520 199 29 41 0.65214
826 429 47 59 0.65123
647 81 21 28 0.64488
33 147 28 34 0.64431
156 395 77 78 0.64349
816 74 28 30 0.63971
714 76 16 22 0.63476
936 406 44 55 0.63178
369 206 40 47 0.62448
567 117 20 25 0.61898
179 26 18 23 0.61192
816 104 32 38 0.60047
662 40 15 19 0.58862
933 32 13 17 0.58307
574 194 40 44 0.56771
449 648 58 45 0.56673
897 225 29 33 0.56281
582 137 29 36 0.56180
691 65 17 21 0.55820
63 64 27 29 0.55382
692 126 18 22 0.54636
777 55 16 22 0.54419
357 231 41 46 0.53680
771 154 31 30 0.53194
922 98 15 20 0.53109
406 67 15 21 0.52991
501 373 62 72 0.51776
1 560 47 72 0.51776
460 116 27 35 0.50503
410 94 17 27 0.50267
659 525 67 74 0.49518
635 133 22 31 0.49041
16 51 21 23 0.47458
189 115 26 35 0.45536
907 69 13 18 0.45039
756 253 30 43 0.43636
801 127 28 31 0.43501
471 57 21 29 0.41855
294 97 29 39 0.41012
534 261 36 46 0.40752
0 76 17 27 0.39656
1 143 23 36 0.38402
465 31 16 20 0.38306
834 57 20 23 0.37756
165 150 38 41 0.36582
334 148 32 46 0.36558
78 185 35 34 0.35781
211 11 16 19 0.35576
634 81 23 30 0.35227
272 246 41 42 0.34946
201 628 40 48 0.34007
857 44 21 23 0.33503
742 32 14 17 0.32709
102 537 43 57 0.32406
694 290 43 48 0.31474
267 148 27 32 0.30337
404 428 55 84 0.30228
811 181 26 34 0.28961
319 252 31 43 0.28614
588 104 21 25 0.28437
525 364 57 75 0.28182
198 59 16 20 0.28056
30 39 17 21 0.27514
751 57 16 20 0.26996
11 36 20 23 0.26667
282 42 12 17 0.26385
119 66 22 27 0.25765
530 620 39 59 0.25685
