2_Demonstration_Demonstration_Or_Protest_2_914
26
258 31 39 53 0.87067
78 73 21 27 0.76527
910 348 17 23 0.73656
51 337 15 20 0.73155
832 351 18 21 0.72738
901 107 14 18 0.72702
606 303 13 17 0.70097
376 320 13 15 0.69911
103 360 12 16 0.68198
778 356 14 18 0.65940
637 314 11 13 0.65535
166 55 19 32 0.62655
186 341 12 15 0.61839
854 125 13 17 0.57977
720 361 12 14 0.53827
513 329 10 12 0.53678
163 334 12 15 0.49855
252 342 9 12 0.46793
510 314 9 10 0.43396
576 313 9 11 0.40761
387 302 10 13 0.38226
548 334 9 10 0.36388
228 100 11 14 0.31483
294 310 8 10 0.27337
313 340 9 11 0.26827
511 318 10 12 0.25103
