2_Demonstration_Political_Rally_2_410
32
856 418 38 50 0.89218
2 529 60 75 0.88407
248 501 74 85 0.88124
634 446 93 118 0.87742
728 473 48 61 0.87251
467 455 37 43 0.86631
353 433 40 44 0.85379
504 488 38 55 0.85364
179 490 51 60 0.82614
561 513 41 71 0.82173
932 450 30 36 0.78823
116 426 17 22 0.75606
508 427 18 24 0.73028
151 413 15 19 0.72878
806 447 22 26 0.69904
832 427 16 22 0.67703
608 436 16 24 0.62188
955 430 19 21 0.55701
18 416 24 31 0.50833
564 422 13 19 0.49435
122 399 11 13 0.49177
177 411 9 12 0.48911
213 413 14 18 0.46466
207 415 13 17 0.43111
329 421 9 11 0.41538
98 399 10 13 0.40192
288 418 9 12 0.40158
405 423 11 14 0.36880
530 419 11 13 0.30749
253 417 11 13 0.29539
609 425 16 21 0.27672
1007 551 16 57 0.25079
