2_Demonstration_Political_Rally_2_117
26
589 194 30 40 0.82470
793 215 20 24 0.78842
286 196 20 27 0.77645
380 214 28 34 0.75228
65 199 17 23 0.74704
838 201 25 37 0.72375
879 192 26 43 0.70309
957 191 22 27 0.69614
414 209 15 21 0.66229
635 204 20 27 0.63296
26 204 19 22 0.63074
453 196 12 15 0.59909
143 210 13 18 0.59067
732 224 24 33 0.56176
477 193 11 14 0.55693
779 203 14 17 0.55539
123 217 15 23 0.46870
173 197 10 14 0.45430
559 229 19 20 0.43410
264 215 13 19 0.42926
540 227 16 21 0.41171
807 190 11 13 0.30728
628 198 23 29 0.30633
372 183 7 10 0.29129
511 192 8 12 0.26986
696 207 17 30 0.26336
