2_Demonstration_Protesters_2_493
93
771 129 35 43 0.87658
385 148 39 48 0.86868
719 132 35 45 0.85623
648 173 47 60 0.83703
91 112 26 34 0.83288
556 132 34 44 0.83207
923 160 36 45 0.83013
17 99 25 29 0.81496
301 154 41 53 0.79658
866 92 26 32 0.79457
848 143 31 42 0.79274
456 132 38 44 0.78639
344 114 30 39 0.78587
375 99 25 29 0.78098
256 99 21 26 0.77933
160 80 21 27 0.77847
281 116 26 29 0.76537
0 87 15 31 0.74561
31 70 23 30 0.74213
202 81 21 27 0.73733
834 182 28 38 0.72975
314 85 21 26 0.72670
738 93 20 24 0.72644
707 108 31 35 0.71662
876 211 43 49 0.71413
292 69 20 26 0.70443
388 73 18 22 0.70409
637 107 23 28 0.70041
603 86 22 26 0.69724
432 69 19 23 0.69177
951 49 16 19 0.68637
823 71 32 36 0.68317
939 129 33 39 0.67749
0 431 83 141 0.66328
135 106 21 26 0.66317
339 91 21 24 0.65707
977 151 45 67 0.65255
548 112 29 31 0.65120
69 63 18 24 0.63851
81 90 19 22 0.63556
218 65 17 20 0.63545
660 62 21 23 0.62739
211 117 21 27 0.62730
408 114 25 27 0.62421
749 195 34 40 0.62208
522 119 24 30 0.61719
924 49 18 22 0.61632
272 76 19 24 0.61617
186 117 25 30 0.61563
231 89 17 22 0.59604
480 61 18 23 0.58082
186 58 16 20 0.57883
524 91 17 21 0.55687
543 76 18 21 0.54535
964 69 18 25 0.52611
718 75 18 21 0.52539
917 75 23 31 0.51122
704 51 13 16 0.50927
489 94 22 29 0.49954
549 118 35 43 0.48598
132 87 19 25 0.48595
448 92 27 34 0.47978
802 21 13 16 0.47905
0 46 12 19 0.46054
306 49 14 17 0.45961
2 132 27 47 0.45721
640 52 17 21 0.45463
14 62 17 21 0.44315
466 118 30 35 0.44124
1005 85 17 35 0.42084
581 98 17 21 0.41942
568 53 13 15 0.40651
650 93 23 31 0.39531
784 86 20 27 0.38610
654 19 12 15 0.36751
428 139 16 22 0.35635
160 47 12 14 0.35071
139 50 12 15 0.34550
522 67 14 16 0.34003
585 60 16 20 0.32822
95 59 12 16 0.32226
422 37 11 13 0.32117
746 48 12 15 0.31912
381 35 11 13 0.31551
500 57 14 18 0.30571
128 67 12 14 0.29845
469 37 11 14 0.29281
333 43 11 14 0.29262
586 131 20 26 0.29065
762 47 13 15 0.28371
820 116 28 33 0.27262
655 1 10 11 0.26598
407 97 22 24 0.25791
