2_Demonstration_Demonstrators_2_28
64
659 607 52 62 0.85443
180 516 40 48 0.84627
38 392 31 39 0.83353
172 381 25 31 0.82614
515 443 26 36 0.82433
845 513 40 53 0.82161
597 507 34 43 0.81892
754 430 23 32 0.81399
603 383 23 29 0.81114
455 395 25 34 0.80801
32 544 46 59 0.80761
88 477 32 46 0.79714
262 452 23 28 0.79141
386 427 26 34 0.78489
332 514 31 40 0.77562
489 387 21 29 0.77300
890 438 26 40 0.76712
248 394 24 30 0.75687
369 381 17 23 0.75493
330 443 23 33 0.74918
548 362 15 21 0.73910
62 352 20 25 0.72120
34 359 24 29 0.71342
687 448 19 26 0.69994
297 427 20 27 0.67517
869 396 21 31 0.65747
184 596 43 68 0.65070
1006 442 17 34 0.63494
978 475 26 41 0.63208
262 362 20 24 0.62999
286 368 16 19 0.61862
443 370 18 25 0.61787
670 378 17 22 0.61296
586 362 17 20 0.60123
646 369 15 18 0.59163
480 364 16 18 0.58121
218 370 11 15 0.57584
714 401 15 20 0.57335
140 420 19 26 0.57292
495 559 33 57 0.55411
525 344 9 12 0.53780
136 370 16 20 0.51771
194 353 11 14 0.51550
153 369 17 23 0.48606
454 345 12 15 0.47532
586 321 8 10 0.47234
619 364 13 15 0.45796
767 352 13 18 0.45632
423 351 12 15 0.45369
563 321 9 11 0.44925
807 394 12 16 0.44514
0 366 13 20 0.41250
757 353 13 18 0.41107
911 419 20 30 0.40432
795 332 8 9 0.38446
462 371 15 19 0.37319
619 649 41 60 0.36986
239 341 13 17 0.36442
98 358 21 25 0.30687
459 523 28 36 0.29258
616 322 9 10 0.28609
997 342 9 11 0.26967
829 331 9 11 0.25642
809 332 8 9 0.25384
