2_Demonstration_Demonstration_Or_Protest_2_816
34
140 284 50 61 0.87861
861 170 42 56 0.87144
678 203 44 53 0.86859
814 81 39 47 0.86628
95 66 38 46 0.86298
14 169 43 51 0.85788
721 3 40 51 0.85226
349 270 48 63 0.85048
356 397 47 63 0.83471
494 157 43 52 0.83463
218 259 49 65 0.83208
793 227 40 50 0.83157
306 0 42 41 0.82736
446 63 37 52 0.82325
303 150 44 53 0.81390
574 122 44 54 0.80918
779 282 48 59 0.80110
178 194 50 59 0.79836
319 212 39 44 0.79033
461 222 49 57 0.75047
683 67 36 47 0.74052
637 16 42 47 0.71521
108 0 35 26 0.71202
348 3 40 36 0.70836
434 196 33 51 0.63835
631 172 36 49 0.61404
160 0 38 26 0.61353
968 148 41 46 0.58318
600 227 52 59 0.55008
890 4 23 27 0.49263
486 3 33 27 0.40751
170 156 54 62 0.32484
636 144 49 50 0.32092
0 33 20 48 0.26183
