2_Demonstration_Protesters_2_24
22
662 1052 77 101 0.86838
451 1123 69 95 0.86580
479 755 73 109 0.86415
155 806 83 100 0.85615
370 265 104 161 0.85323
502 663 62 74 0.85100
812 649 67 92 0.84577
605 642 62 64 0.83070
582 866 45 58 0.82840
897 1121 96 116 0.82442
547 264 94 147 0.82342
372 586 62 72 0.79758
395 810 58 67 0.75402
4 396 110 144 0.71880
671 466 59 86 0.68021
623 122 110 123 0.62341
869 1035 36 44 0.59346
638 688 60 68 0.52112
35 839 44 49 0.40333
541 1019 43 47 0.34259
673 856 50 57 0.32985
902 669 63 79 0.27639
