2_Demonstration_Demonstration_Or_Protest_2_173
55
108 246 39 56 0.87623
847 294 50 65 0.85926
52 353 43 58 0.85766
868 209 42 58 0.85440
363 295 36 56 0.85270
506 216 38 56 0.85024
169 314 46 58 0.84173
672 277 45 67 0.84057
354 227 25 35 0.83845
271 275 36 48 0.83733
583 234 40 52 0.83316
0 302 24 50 0.83057
775 187 32 47 0.81894
460 228 31 45 0.81455
673 154 18 24 0.80823
656 208 30 39 0.79881
742 162 19 26 0.79588
175 225 20 25 0.78130
320 208 17 24 0.77179
255 252 30 39 0.75990
575 187 17 22 0.74643
829 164 20 27 0.72866
208 239 21 25 0.68029
639 168 20 27 0.67746
185 276 28 30 0.64814
4 217 13 17 0.64469
360 192 15 19 0.64283
547 169 13 16 0.63673
288 197 14 18 0.63547
438 191 13 17 0.60812
516 191 22 26 0.54755
450 209 22 26 0.54073
17 242 15 17 0.53513
251 224 18 20 0.49896
518 157 11 13 0.49250
101 218 14 18 0.47550
156 192 9 11 0.46792
334 182 11 14 0.45268
225 206 13 17 0.44792
375 174 11 13 0.41716
893 179 22 27 0.39678
38 219 9 12 0.39528
719 151 14 19 0.38804
135 212 11 13 0.36166
493 161 10 11 0.34760
883 146 10 12 0.34551
2 244 11 18 0.34212
398 181 10 13 0.32854
406 180 11 14 0.31845
117 202 10 12 0.30516
115 218 12 15 0.29451
62 219 10 14 0.29344
380 170 10 14 0.28192
32 218 10 13 0.27363
473 191 11 16 0.26760
