2_Demonstration_Demonstration_Or_Protest_2_586
29
471 147 25 34 0.82487
691 147 27 34 0.81920
639 168 21 32 0.76908
837 201 29 38 0.74616
761 119 18 22 0.74230
141 146 21 31 0.72371
960 106 17 22 0.67710
996 149 18 23 0.66401
174 129 15 17 0.58882
524 122 13 16 0.55858
799 223 22 32 0.53982
386 134 15 21 0.52438
789 112 12 16 0.50074
27 106 11 14 0.49105
128 100 10 12 0.44539
382 184 26 38 0.44333
133 119 13 16 0.44148
287 160 16 26 0.42825
168 101 8 11 0.41348
247 122 12 15 0.41092
110 129 13 16 0.35841
382 103 9 11 0.35695
346 93 11 14 0.32152
214 113 12 14 0.31427
599 116 11 17 0.29638
571 122 14 19 0.29492
430 98 11 14 0.29125
540 95 9 12 0.25661
573 167 18 23 0.25119
