2_Demonstration_Protesters_2_826
24
893 240 64 77 0.88616
544 167 43 55 0.88285
604 140 36 45 0.86996
626 74 32 43 0.86123
703 199 51 71 0.82305
581 74 25 35 0.77778
518 69 14 18 0.68126
546 101 18 26 0.64548
564 57 18 24 0.60772
228 102 17 22 0.60151
501 155 27 37 0.57570
59 92 24 30 0.53859
426 86 15 19 0.52254
550 66 12 16 0.50878
179 118 14 18 0.44550
515 122 24 26 0.44500
616 66 12 17 0.39170
405 89 10 14 0.37638
686 72 13 19 0.37398
357 93 12 18 0.33865
256 66 9 12 0.33173
95 82 14 17 0.33157
489 80 11 14 0.31307
213 81 12 15 0.25844
