2_Demonstration_Demonstrators_2_425
53
787 302 39 48 0.87703
635 392 34 46 0.86404
430 563 70 105 0.86186
564 463 40 58 0.84591
789 424 65 77 0.84522
18 473 43 50 0.83249
578 386 27 34 0.82540
698 313 19 24 0.80743
865 303 27 35 0.80444
226 423 35 51 0.79673
353 431 43 60 0.78298
701 374 28 33 0.77187
617 332 18 22 0.76928
727 335 22 27 0.73728
658 305 17 22 0.73002
988 347 37 73 0.72922
526 331 16 20 0.72012
403 370 17 23 0.69416
487 371 17 22 0.67393
203 404 20 26 0.67134
957 358 42 53 0.65774
467 407 25 31 0.62089
92 377 14 18 0.61295
643 306 12 15 0.60339
615 306 13 15 0.57703
449 351 16 20 0.56453
45 431 23 31 0.56060
578 335 12 15 0.54397
739 300 16 19 0.51185
619 388 19 25 0.48780
511 350 12 16 0.48669
112 379 13 18 0.48100
140 376 11 15 0.46881
254 370 14 16 0.45918
869 276 19 21 0.45806
171 396 14 17 0.42902
770 308 17 24 0.40866
794 271 17 20 0.38500
456 408 24 34 0.37736
593 309 10 13 0.37649
155 424 14 18 0.37005
48 398 13 17 0.35312
468 347 10 14 0.33686
345 395 25 30 0.33410
514 316 11 13 0.31544
0 378 11 19 0.31426
281 369 12 14 0.29956
360 344 9 11 0.29196
347 359 9 12 0.29123
191 357 10 12 0.28959
277 415 20 34 0.28778
18 400 18 21 0.27381
290 350 10 12 0.26894
