2_Demonstration_Demonstration_Or_Protest_2_895
37
674 333 32 41 0.86695
489 353 48 62 0.79757
275 304 22 31 0.77049
23 285 20 23 0.76557
631 337 30 39 0.76066
373 318 22 31 0.72730
804 305 20 24 0.70508
68 283 17 22 0.70484
137 272 17 20 0.67933
47 294 18 23 0.60182
608 281 13 16 0.59221
299 312 16 21 0.56825
423 311 18 29 0.55561
206 303 17 19 0.55539
115 283 16 21 0.54994
523 295 12 15 0.54081
413 280 15 17 0.51297
342 280 12 15 0.49900
385 275 11 14 0.48519
968 305 14 17 0.46656
297 294 17 21 0.46509
55 270 16 18 0.45491
464 302 15 19 0.43414
199 272 12 15 0.43335
207 369 27 38 0.42915
0 283 10 17 0.42511
450 303 13 19 0.38056
730 279 9 12 0.36327
369 268 9 12 0.34096
991 322 26 31 0.33382
837 294 11 13 0.30125
868 325 13 15 0.27772
751 295 13 16 0.25564
533 278 11 13 0.25425
1013 296 10 16 0.25358
216 283 11 15 0.25229
256 267 9 10 0.25164
