2_Demonstration_Demonstration_Or_Protest_2_1
40
408 245 42 52 0.86922
959 274 44 54 0.86411
205 246 45 48 0.86030
223 1 35 41 0.85997
355 256 41 51 0.85131
606 248 43 57 0.84486
480 284 43 55 0.84038
207 127 42 50 0.83651
480 30 34 46 0.83598
347 9 38 43 0.83314
895 117 40 43 0.82790
848 92 36 42 0.82609
926 268 37 51 0.79050
321 476 46 51 0.78957
308 517 46 62 0.77990
565 236 38 43 0.77348
108 295 47 48 0.77019
529 266 30 44 0.75427
300 264 36 40 0.73623
892 254 40 54 0.72753
172 165 37 47 0.70650
515 473 40 44 0.70489
815 529 38 43 0.70025
483 249 36 36 0.69746
119 482 48 63 0.68344
1002 114 21 44 0.66150
612 525 45 53 0.64911
140 486 45 60 0.63978
544 155 14 17 0.63145
145 236 34 52 0.60984
805 228 32 61 0.58417
755 286 20 28 0.57369
743 571 39 63 0.53331
190 599 41 72 0.47216
962 169 35 42 0.42778
65 188 32 39 0.33112
245 272 22 27 0.33109
314 406 22 27 0.29612
226 549 18 22 0.25726
199 497 29 32 0.25673
