2_Demonstration_Demonstration_Or_Protest_2_32
31
454 1063 52 67 0.87099
729 1103 59 70 0.86049
241 1238 87 118 0.83612
523 1148 64 92 0.82090
165 1078 60 82 0.77758
628 1065 26 35 0.77255
516 1060 30 38 0.76057
426 1030 35 50 0.75620
289 1079 39 60 0.74709
316 1096 47 75 0.74152
46 1042 45 59 0.71261
-1 1253 58 115 0.70868
337 1033 27 32 0.62945
703 1101 33 52 0.61407
866 1102 31 36 0.60311
527 1110 37 52 0.59281
751 1075 18 22 0.52381
894 1023 24 26 0.52047
691 1040 16 20 0.49108
575 1077 23 33 0.48798
272 1057 31 43 0.48377
926 1026 20 25 0.47002
704 1096 27 34 0.44430
295 1031 27 31 0.38947
966 1113 28 36 0.37474
725 1055 18 22 0.36630
774 1058 17 20 0.36463
937 1081 20 27 0.36205
371 1033 19 25 0.36192
833 1101 21 33 0.31816
861 1031 15 20 0.25564
