2_Demonstration_Protesters_2_525
119
880 520 34 42 0.83329
552 485 30 37 0.83242
660 485 30 37 0.83141
762 400 25 29 0.81697
848 425 25 31 0.81608
919 376 21 26 0.81071
761 459 25 32 0.79488
578 403 23 29 0.79030
656 426 27 32 0.78378
715 362 20 25 0.78312
995 459 27 33 0.77981
950 349 21 27 0.76148
483 435 28 34 0.76116
203 381 22 27 0.74686
327 414 24 29 0.74377
810 229 16 20 0.72867
417 516 28 36 0.72737
764 302 15 19 0.72633
782 318 18 21 0.72149
685 219 15 19 0.71417
390 437 21 28 0.71000
595 211 14 18 0.70282
79 380 20 24 0.69963
713 308 15 18 0.69736
850 368 14 18 0.68980
862 331 14 17 0.68976
999 399 21 27 0.68675
233 485 28 30 0.68516
53 432 27 32 0.68088
672 322 15 19 0.67961
248 368 22 25 0.67898
525 395 18 23 0.67654
643 217 15 17 0.67462
296 489 31 35 0.67270
593 344 17 21 0.67117
638 296 15 18 0.66621
526 276 13 17 0.66218
501 319 13 16 0.64937
722 225 13 17 0.64881
469 329 13 17 0.64339
947 432 25 27 0.64213
717 332 15 18 0.64136
310 383 21 28 0.64092
775 233 14 17 0.64031
1 372 20 26 0.64005
919 479 29 33 0.63743
534 556 30 26 0.63586
455 270 11 13 0.63370
61 344 15 18 0.62613
833 340 15 19 0.62567
615 208 14 18 0.62266
864 230 14 17 0.60724
781 343 17 21 0.59700
318 325 15 19 0.59528
1004 238 17 25 0.57757
447 211 10 13 0.57656
968 249 15 19 0.56654
479 399 17 22 0.56336
845 398 16 20 0.55760
145 341 12 15 0.54779
455 309 13 16 0.53670
824 180 11 14 0.53577
522 207 11 13 0.52761
185 341 12 15 0.52357
475 294 12 16 0.51988
384 280 10 13 0.50588
501 282 13 15 0.50323
81 317 12 15 0.49648
475 213 11 14 0.49611
296 312 11 15 0.49092
560 209 10 13 0.49020
566 281 13 15 0.48568
884 330 13 17 0.47927
361 307 13 15 0.47561
242 292 11 13 0.47133
501 219 11 13 0.45610
167 290 11 13 0.45200
995 225 14 18 0.44097
414 313 11 15 0.43901
726 207 12 16 0.43894
628 475 20 25 0.43519
767 219 13 16 0.42928
249 312 11 14 0.42478
337 349 19 24 0.40934
409 204 9 12 0.39246
372 291 11 13 0.36989
890 183 10 13 0.36791
22 296 11 14 0.36512
34 322 11 14 0.36250
964 551 39 28 0.36121
795 367 19 22 0.36014
889 237 14 16 0.35687
911 244 17 19 0.35405
111 356 15 17 0.34391
725 215 12 16 0.32913
227 312 11 14 0.32658
393 213 8 10 0.32297
533 311 13 16 0.32287
973 215 13 17 0.32166
88 350 11 13 0.32123
872 372 13 18 0.30824
932 217 12 16 0.30568
21 337 12 15 0.29720
264 287 10 12 0.29571
709 198 10 12 0.29421
502 368 11 15 0.28618
343 265 9 12 0.28598
805 433 16 21 0.28459
53 299 10 13 0.27858
830 218 13 16 0.27806
441 293 11 14 0.27781
884 219 12 14 0.27720
542 290 11 14 0.26499
358 278 10 11 0.26275
577 299 13 16 0.26264
839 246 13 17 0.26192
320 296 10 12 0.25884
957 236 13 15 0.25751
125 304 11 12 0.25426
