2_Demonstration_Protesters_2_293
26
221 523 88 110 0.87043
455 433 52 74 0.86230
290 434 55 72 0.86221
163 374 40 55 0.85802
861 456 75 92 0.85179
545 461 66 93 0.85163
840 584 65 97 0.81260
90 343 42 66 0.81230
796 452 54 76 0.80023
353 360 32 51 0.79965
477 364 46 51 0.79779
562 411 54 66 0.73542
416 476 39 79 0.69900
0 416 32 96 0.58687
45 314 41 57 0.56743
676 359 29 36 0.55779
409 338 27 39 0.55671
732 508 49 103 0.53305
606 385 36 52 0.53119
249 460 41 49 0.52456
0 366 31 102 0.51167
745 416 48 60 0.49279
834 402 48 51 0.42441
626 335 28 33 0.26187
850 389 52 65 0.26175
128 364 32 43 0.26158
