2_Demonstration_Political_Rally_2_867
25
794 426 38 47 0.80659
646 494 35 44 0.80496
65 519 49 51 0.80445
917 371 28 36 0.77591
922 510 49 56 0.77147
71 454 17 21 0.73921
614 505 22 28 0.70650
171 503 37 52 0.65521
950 373 21 24 0.62421
176 552 52 62 0.61968
130 487 17 20 0.61958
887 576 77 84 0.61679
824 405 22 29 0.60716
1 522 17 22 0.46055
722 376 14 18 0.44473
831 622 115 59 0.36321
375 499 22 25 0.34836
46 423 12 14 0.32657
190 385 10 13 0.31761
797 371 9 11 0.31139
303 507 14 16 0.27228
819 362 9 12 0.26826
120 405 9 11 0.26785
169 388 9 11 0.26272
78 399 8 10 0.25506
