2_Demonstration_Protesters_2_86
137
461 373 35 43 0.87723
283 332 30 37 0.87460
320 365 33 39 0.87341
492 315 26 34 0.86747
47 480 46 50 0.86595
118 337 28 34 0.85899
807 320 28 34 0.85428
353 473 45 50 0.85259
39 593 78 74 0.85156
729 339 30 37 0.84810
184 372 36 41 0.84687
185 312 24 30 0.84683
598 327 26 31 0.84584
657 277 19 25 0.84131
538 440 43 49 0.83946
218 330 25 31 0.82946
392 334 24 27 0.82915
22 295 25 29 0.82787
764 298 22 27 0.82647
72 310 24 29 0.82307
969 351 29 38 0.82075
532 300 21 26 0.81855
566 287 19 24 0.81285
94 278 20 24 0.79305
677 307 26 32 0.79113
681 416 32 36 0.79004
901 371 31 38 0.78670
969 556 53 54 0.78658
330 299 21 26 0.78377
447 267 18 22 0.78187
511 262 17 20 0.77838
979 303 22 27 0.77792
804 422 40 43 0.77555
54 277 20 25 0.77209
360 271 16 20 0.76934
605 269 17 22 0.76809
276 292 19 23 0.76593
121 298 22 23 0.75548
129 273 16 19 0.75255
451 297 20 26 0.75247
891 303 20 22 0.74756
930 322 28 31 0.74717
727 292 17 21 0.74248
681 269 17 21 0.72465
151 272 15 20 0.72284
782 275 16 19 0.72196
839 284 17 21 0.70934
329 266 15 19 0.70533
0 358 16 38 0.70509
247 255 15 18 0.70307
294 273 16 20 0.69803
531 278 17 21 0.69308
882 250 14 19 0.69292
136 232 12 15 0.68377
281 248 12 15 0.68086
306 232 11 13 0.67665
620 257 14 16 0.66955
0 281 15 22 0.66874
461 246 15 18 0.66839
916 290 19 24 0.66558
863 264 14 17 0.65967
814 263 13 16 0.64932
197 271 21 23 0.64076
185 232 12 15 0.63833
398 245 11 14 0.63195
103 194 12 14 0.62950
67 188 12 15 0.62679
403 301 20 24 0.62594
899 233 12 16 0.62372
101 245 13 16 0.61807
25 262 15 20 0.61064
771 250 14 17 0.60562
741 275 16 20 0.58840
428 258 14 16 0.57796
650 245 13 15 0.56799
321 253 12 15 0.55321
968 262 13 17 0.54750
357 231 12 15 0.54465
1011 297 12 23 0.54085
574 268 15 18 0.53436
572 242 11 14 0.51205
589 231 11 14 0.51188
485 258 13 17 0.51001
219 230 11 13 0.49839
921 232 10 13 0.49547
73 263 15 19 0.48594
48 184 11 14 0.48551
1008 260 15 21 0.48455
423 239 11 12 0.48021
986 251 13 16 0.46853
291 230 11 13 0.46539
335 217 9 12 0.42256
131 182 9 11 0.41122
274 227 11 13 0.40839
624 315 21 26 0.40799
510 243 11 13 0.38778
817 216 12 14 0.38536
541 244 11 14 0.37700
703 233 10 13 0.37556
551 230 10 13 0.37490
459 231 11 13 0.37462
157 235 13 15 0.37435
0 447 16 50 0.37398
886 208 10 13 0.37162
205 231 9 12 0.36779
841 243 12 14 0.36403
974 241 11 13 0.36047
41 184 11 13 0.33740
765 280 16 18 0.33034
182 176 7 9 0.32871
258 233 10 12 0.32586
8 181 10 12 0.31997
989 229 10 13 0.31873
873 227 11 13 0.31821
909 263 14 17 0.31690
277 223 11 14 0.31456
519 235 11 13 0.31369
744 205 9 10 0.30839
412 208 7 10 0.30678
965 217 8 10 0.30562
78 179 10 13 0.30409
221 216 9 11 0.29840
718 229 9 12 0.29131
606 219 9 12 0.29007
35 184 10 13 0.28753
102 180 10 13 0.28586
760 241 11 14 0.28089
791 258 11 13 0.27170
190 257 14 16 0.27107
492 230 10 12 0.26460
545 235 10 13 0.26436
524 233 10 12 0.26426
629 233 9 11 0.26301
1007 237 11 13 0.26135
703 252 11 14 0.25639
531 291 20 26 0.25542
374 248 12 14 0.25173
