2_Demonstration_Demonstration_Or_Protest_2_360
37
650 617 52 60 0.85931
857 600 62 72 0.85900
513 599 42 53 0.84069
618 592 28 38 0.82243
681 561 26 31 0.80308
953 582 48 59 0.76316
584 557 22 26 0.75602
501 554 20 27 0.73175
778 584 27 34 0.72792
143 601 33 42 0.70374
562 645 54 44 0.69188
55 639 61 61 0.68896
476 576 27 35 0.68770
665 545 16 19 0.68323
554 569 24 30 0.67280
616 551 20 24 0.67205
320 566 17 21 0.65446
785 622 36 41 0.64881
644 571 20 25 0.64530
538 543 18 21 0.63696
195 635 49 47 0.60457
798 530 14 17 0.55444
782 552 20 22 0.51572
519 530 13 16 0.48855
41 630 27 32 0.45156
597 538 13 16 0.45061
212 670 38 36 0.44393
822 534 14 15 0.44240
923 571 28 41 0.37777
812 582 33 39 0.36119
323 628 27 43 0.34017
370 568 17 21 0.31527
905 520 12 13 0.27790
393 565 13 16 0.27498
371 558 14 16 0.26138
438 577 13 17 0.25207
434 602 26 31 0.25115
