2_Demonstration_Political_Rally_2_329
59
481 312 83 105 0.87378
268 197 42 48 0.87256
123 229 51 62 0.86691
138 340 61 73 0.86639
195 194 41 47 0.86020
744 392 96 125 0.85127
932 282 62 77 0.84893
649 234 38 48 0.84261
802 206 40 51 0.84215
130 176 29 36 0.84124
770 176 27 33 0.84092
307 312 68 76 0.84006
692 326 47 53 0.82625
465 241 36 41 0.82579
879 162 27 33 0.80990
925 210 32 39 0.80657
834 181 28 33 0.80396
615 210 26 36 0.77982
864 339 64 73 0.77828
479 134 16 20 0.75769
853 224 23 32 0.74125
542 151 20 24 0.69943
1 190 31 47 0.69406
499 145 18 21 0.69256
61 170 16 22 0.65791
781 117 12 15 0.63447
949 143 12 17 0.61855
844 128 15 17 0.61248
566 148 15 18 0.61158
767 128 12 16 0.60826
955 192 22 27 0.60760
966 148 12 15 0.59172
902 144 12 16 0.56730
979 221 28 34 0.53711
609 154 15 18 0.53651
744 127 13 15 0.50172
326 183 24 28 0.48108
604 123 11 14 0.47665
301 187 23 29 0.46744
27 148 17 18 0.45427
998 139 10 14 0.43556
59 204 25 41 0.41630
802 132 11 14 0.39555
936 138 9 13 0.39378
556 127 10 13 0.38941
865 140 12 14 0.38906
746 122 13 16 0.36507
667 193 21 23 0.35572
608 121 12 14 0.32922
1004 242 21 46 0.31529
71 154 13 17 0.30563
67 131 10 12 0.30116
112 154 10 13 0.29437
513 118 9 11 0.28890
51 136 11 14 0.28390
816 122 11 15 0.27624
1011 149 11 15 0.26752
464 137 11 16 0.25624
587 128 10 12 0.25504
