2_Demonstration_Demonstration_Or_Protest_2_58
65
784 444 67 78 0.88693
767 271 45 57 0.88648
25 509 108 115 0.86984
87 148 37 41 0.86821
450 313 55 74 0.86796
653 315 52 76 0.86365
287 385 59 85 0.85993
302 300 52 68 0.85855
160 302 57 69 0.85462
247 245 46 54 0.84949
700 247 37 50 0.84662
940 194 37 46 0.84237
0 167 29 47 0.84002
149 159 29 35 0.83990
517 231 45 61 0.83849
46 244 56 63 0.83714
965 285 48 53 0.83424
838 169 35 39 0.83050
314 125 26 34 0.82939
335 180 33 41 0.82629
159 232 47 53 0.82109
869 241 38 51 0.82041
588 175 34 39 0.81664
184 87 23 27 0.80134
210 69 19 24 0.77588
581 566 50 83 0.77451
983 148 27 31 0.75805
768 31 15 20 0.74233
862 116 25 32 0.73181
315 220 40 46 0.72840
636 105 17 26 0.72199
154 110 28 34 0.71990
77 82 18 24 0.71917
775 196 34 37 0.71606
694 77 17 22 0.71522
112 84 18 21 0.71135
183 445 38 49 0.69829
45 42 18 22 0.68597
945 118 25 35 0.68343
250 72 15 18 0.66633
379 296 44 52 0.64619
161 51 14 18 0.61766
624 269 39 56 0.61564
827 142 21 30 0.61458
515 171 24 29 0.60394
103 54 17 21 0.59551
690 51 15 18 0.59298
126 52 16 19 0.58208
510 80 15 20 0.56802
351 63 13 16 0.52534
325 1 11 14 0.51660
819 4 12 15 0.45984
744 13 11 13 0.45136
476 174 22 33 0.42612
388 133 20 25 0.41891
543 95 14 20 0.36658
364 160 24 32 0.36086
780 148 19 29 0.32821
460 2 9 10 0.30926
14 80 15 21 0.29605
904 332 37 59 0.29237
695 168 26 31 0.25900
2 82 16 26 0.25840
1 51 11 22 0.25484
454 56 11 17 0.25456
