2_Demonstration_Demonstration_Or_Protest_2_420
37
310 166 30 48 0.81428
474 163 38 44 0.80659
406 228 50 81 0.75925
809 183 29 39 0.75834
597 167 28 50 0.75446
720 161 31 50 0.72974
419 132 22 33 0.70011
554 237 41 58 0.69700
209 267 36 68 0.68433
744 266 35 55 0.67789
517 143 25 34 0.65712
909 112 14 18 0.60267
641 125 26 38 0.59791
840 163 33 56 0.59265
367 169 31 44 0.58748
978 136 21 29 0.57545
107 271 62 75 0.49586
771 123 16 20 0.49535
72 182 26 44 0.49254
697 136 22 30 0.46250
2 298 42 58 0.45172
209 145 26 39 0.39982
572 163 27 44 0.39260
630 107 13 17 0.38335
860 97 11 12 0.36362
370 193 47 64 0.36147
119 158 23 29 0.36070
18 148 22 31 0.34785
984 141 23 31 0.34746
911 170 27 33 0.33938
921 239 35 62 0.32474
826 305 58 52 0.31649
576 92 9 11 0.28590
36 119 19 21 0.28261
736 135 17 22 0.27289
974 110 13 17 0.27262
311 113 13 17 0.25646
