2_Demonstration_Demonstration_Or_Protest_2_606
24
218 295 45 61 0.87638
902 262 60 66 0.87124
767 257 59 65 0.84980
829 237 35 44 0.83718
187 248 30 38 0.83627
329 279 90 123 0.82998
42 255 47 49 0.82817
219 239 40 47 0.81930
545 295 91 128 0.81673
712 258 32 43 0.80994
634 246 54 58 0.79571
744 273 36 50 0.77385
505 238 35 61 0.76630
7 280 38 45 0.76348
446 224 32 49 0.75082
998 280 27 54 0.73903
709 220 22 29 0.72025
149 255 23 26 0.70245
288 241 19 26 0.39739
312 234 32 38 0.37646
614 204 12 14 0.35755
425 214 8 11 0.33284
261 205 13 16 0.32418
120 243 15 21 0.28866
