2_Demonstration_Political_Rally_2_319
24
615 456 36 49 0.86485
670 444 22 35 0.75214
392 465 25 34 0.74338
118 443 26 33 0.70983
157 485 22 36 0.70891
714 531 30 52 0.66798
840 569 38 61 0.62419
457 436 17 25 0.61826
138 684 30 42 0.59303
276 455 23 43 0.56975
54 458 23 30 0.44680
853 429 17 26 0.41740
844 396 12 15 0.41331
512 480 15 20 0.40930
733 471 33 37 0.39525
783 418 11 13 0.35616
878 389 10 13 0.34842
286 375 10 11 0.29720
749 407 9 12 0.27659
722 399 11 13 0.27542
53 566 23 49 0.27268
807 450 20 24 0.26878
953 399 11 15 0.26308
109 369 9 11 0.25359
