2_Demonstration_Demonstration_Or_Protest_2_117
39
698 451 31 43 0.84899
935 470 33 40 0.84562
660 414 30 41 0.83531
610 454 29 36 0.81597
371 419 25 33 0.80019
282 437 24 31 0.79925
514 436 28 37 0.79880
164 417 21 27 0.79419
627 410 22 28 0.79283
14 523 27 33 0.78665
61 410 22 29 0.77852
802 457 32 32 0.77108
882 490 36 43 0.77074
598 429 24 31 0.75212
436 428 27 30 0.75117
910 608 35 42 0.74423
229 415 21 27 0.74386
173 385 20 24 0.72668
780 526 27 32 0.67873
129 429 19 23 0.67406
371 366 15 18 0.67400
973 431 21 27 0.66685
25 414 22 26 0.66341
199 365 14 18 0.65099
435 332 10 12 0.58927
993 266 15 20 0.57396
298 352 12 14 0.52684
278 336 11 14 0.51792
184 340 12 16 0.47938
363 347 13 16 0.46275
141 347 10 12 0.42769
445 350 11 14 0.42356
337 406 17 23 0.40427
497 328 11 14 0.37829
385 332 8 10 0.34037
5 405 15 18 0.31780
61 331 13 16 0.30589
668 329 11 13 0.29744
811 290 8 10 0.26559
