2_Demonstration_Demonstration_Or_Protest_2_799
25
275 300 16 20 0.70397
363 299 16 19 0.68914
167 276 14 16 0.68899
872 232 12 16 0.66689
197 222 11 14 0.65942
163 223 14 17 0.63447
620 236 12 15 0.62971
468 268 13 15 0.61573
266 281 11 16 0.60563
431 228 12 15 0.60474
58 259 14 18 0.57764
29 212 12 14 0.55032
595 204 9 11 0.52550
557 198 8 10 0.52230
668 319 11 13 0.49219
396 123 12 14 0.40255
800 237 12 14 0.39437
878 306 11 14 0.39199
807 305 13 17 0.38153
702 128 12 14 0.33136
213 309 13 15 0.31105
451 185 10 13 0.30642
463 241 10 12 0.27145
859 241 10 13 0.26505
406 233 10 12 0.26023
