2_Demonstration_Demonstration_Or_Protest_2_385
67
286 537 29 40 0.83805
756 472 23 32 0.81554
687 463 21 29 0.80772
504 539 32 37 0.78970
582 455 22 28 0.78288
359 453 27 31 0.78058
212 470 27 30 0.77710
780 461 21 26 0.76840
679 558 35 40 0.75584
618 496 23 26 0.75078
737 421 19 24 0.74292
398 529 27 41 0.73660
100 520 24 30 0.71159
190 521 29 37 0.70826
886 484 22 31 0.69869
807 431 16 19 0.69448
830 591 31 51 0.69146
820 392 13 17 0.68335
337 470 20 28 0.67980
85 453 21 23 0.65498
938 464 16 22 0.65300
21 551 25 37 0.65064
324 427 19 22 0.63220
174 382 13 16 0.60346
593 388 13 15 0.60195
354 403 14 17 0.58630
474 375 11 14 0.57888
874 392 15 18 0.56874
95 395 14 17 0.56121
975 426 17 23 0.55082
634 416 14 19 0.54221
986 368 10 13 0.53936
163 406 15 19 0.52645
130 499 23 32 0.52327
785 388 12 14 0.51373
71 346 12 15 0.50541
669 382 11 14 0.49338
204 394 15 19 0.47979
546 387 12 15 0.47012
539 414 15 17 0.46818
570 416 16 18 0.46620
295 366 9 11 0.45754
142 435 13 18 0.44045
916 418 16 18 0.42919
623 411 14 20 0.42790
859 421 20 19 0.42598
738 368 10 13 0.42177
456 413 13 18 0.42042
457 395 13 17 0.41005
706 349 12 16 0.39487
22 361 10 12 0.39187
768 400 12 16 0.38000
207 357 8 10 0.37186
827 463 17 21 0.35349
805 369 10 12 0.35263
722 480 19 24 0.34668
784 348 9 10 0.34352
862 460 20 29 0.32844
126 402 14 16 0.32739
1012 371 10 15 0.32113
591 365 11 14 0.30774
25 401 12 15 0.30340
687 407 14 17 0.30252
515 359 9 11 0.28811
427 371 9 12 0.26743
452 370 9 11 0.25655
718 329 9 12 0.25373
