2_Demonstration_Demonstration_Or_Protest_2_644
29
231 64 27 37 0.83920
101 237 29 40 0.82419
146 182 25 31 0.81973
822 279 22 27 0.78005
878 310 28 34 0.77757
834 142 18 23 0.75816
329 88 21 32 0.75491
767 289 27 32 0.75255
932 275 21 26 0.74215
715 247 22 34 0.72293
851 273 20 22 0.71488
644 238 20 25 0.69550
295 236 15 20 0.68496
405 246 19 22 0.68307
173 175 21 26 0.67777
367 247 20 27 0.67608
23 32 19 23 0.64568
655 278 28 40 0.56771
212 48 16 19 0.55646
549 243 20 24 0.47743
560 274 27 35 0.47392
473 161 17 19 0.42610
511 248 19 22 0.42131
571 122 16 19 0.39237
488 315 20 26 0.36736
430 230 20 28 0.35717
541 195 16 21 0.34253
529 149 18 22 0.26438
377 245 17 24 0.25644
