2_Demonstration_Political_Rally_2_5
22
749 411 28 33 0.79402
321 234 24 38 0.75222
690 394 31 38 0.73089
184 230 28 36 0.57522
442 121 29 47 0.55615
863 450 29 35 0.52623
129 459 32 53 0.52508
673 336 17 21 0.52459
678 295 16 20 0.50399
716 424 15 19 0.48854
554 355 21 26 0.38146
32 483 27 31 0.36435
57 298 19 21 0.35665
641 218 10 12 0.35311
538 154 10 11 0.34943
348 301 15 20 0.34489
32 258 17 20 0.33044
651 334 16 18 0.31733
831 375 16 17 0.31130
369 302 17 21 0.27189
727 380 16 24 0.26176
596 395 27 30 0.26023
