2_Demonstration_Protesters_2_131
33
87 585 18 21 0.76486
125 617 19 23 0.74546
184 586 16 22 0.74467
265 583 15 19 0.73380
480 560 14 18 0.69013
865 567 20 25 0.66310
37 596 17 22 0.66059
314 592 16 21 0.57325
409 540 11 15 0.57072
955 556 15 19 0.56807
191 560 11 15 0.56480
551 552 14 19 0.56391
212 617 17 25 0.53354
307 556 12 15 0.53340
978 572 16 21 0.52460
460 615 20 25 0.48612
43 570 18 19 0.47672
936 524 9 12 0.46818
296 593 12 16 0.37292
824 514 11 13 0.36733
220 551 10 14 0.36604
295 625 19 26 0.36390
361 559 10 11 0.36169
220 513 8 11 0.35915
465 533 10 12 0.35546
266 661 28 31 0.34661
146 537 9 12 0.33225
911 514 9 11 0.31294
26 643 17 23 0.29478
130 584 14 18 0.28096
881 517 10 12 0.27359
168 537 10 13 0.26297
419 560 11 14 0.26208
