2_Demonstration_Demonstration_Or_Protest_2_687
148
687 532 17 22 0.70464
93 600 18 22 0.68719
279 533 15 20 0.65456
755 513 15 18 0.64995
711 522 16 23 0.61958
250 549 15 22 0.61953
229 500 13 17 0.61164
132 547 16 20 0.61000
75 400 12 15 0.60860
957 465 15 18 0.59762
485 513 14 18 0.59744
962 630 21 25 0.59579
445 530 16 21 0.59323
34 490 15 20 0.58736
379 564 14 19 0.56794
399 449 13 16 0.55699
844 326 12 16 0.54964
740 413 14 20 0.54756
764 540 17 22 0.54156
873 309 11 15 0.54037
812 474 15 19 0.54030
188 506 14 18 0.53215
160 483 15 20 0.53141
28 329 11 13 0.52848
585 508 15 18 0.52845
955 607 18 22 0.52802
473 348 10 13 0.52690
766 576 15 19 0.52379
645 519 14 19 0.52094
880 376 12 16 0.51796
84 453 12 16 0.51332
210 411 12 16 0.51314
308 504 15 19 0.50821
154 360 10 13 0.49614
703 484 13 17 0.48457
535 512 13 16 0.46852
710 371 15 17 0.46027
793 456 15 18 0.45993
537 432 11 15 0.45174
285 269 9 11 0.45083
161 442 13 17 0.44876
234 418 12 15 0.44626
740 455 13 18 0.43717
92 507 14 19 0.43644
196 440 13 16 0.43438
411 249 9 11 0.43369
408 367 11 13 0.43358
927 235 10 12 0.42893
230 279 9 12 0.42705
721 460 13 17 0.42576
358 463 12 16 0.42081
503 343 11 14 0.41800
489 461 13 16 0.41765
220 372 11 14 0.41657
386 360 9 13 0.41644
670 388 11 15 0.41367
64 292 9 11 0.40631
177 405 11 14 0.40028
745 194 8 10 0.39958
258 400 13 16 0.39430
668 304 12 15 0.39194
421 482 14 17 0.39175
577 422 11 12 0.39136
463 396 11 14 0.39072
7 333 10 13 0.38324
439 454 13 17 0.38222
258 422 12 14 0.38084
837 532 12 17 0.38008
768 413 11 15 0.37594
616 530 15 18 0.37536
577 227 9 12 0.37373
430 323 10 14 0.37309
449 277 10 13 0.37278
651 350 11 14 0.36912
829 293 9 12 0.36475
427 402 13 17 0.36461
427 270 10 12 0.36272
737 668 18 22 0.35997
691 153 9 11 0.35757
378 328 12 15 0.35093
275 288 10 12 0.35078
678 411 13 16 0.34958
333 312 11 14 0.34691
816 355 11 15 0.34557
335 350 9 13 0.34414
161 234 9 12 0.34134
870 247 9 11 0.34028
472 266 10 12 0.33986
442 198 9 12 0.33351
742 343 10 12 0.33322
501 405 12 16 0.33214
360 358 9 11 0.33051
91 178 7 9 0.33033
312 438 12 14 0.32982
8 263 10 12 0.32717
200 470 14 18 0.32625
763 347 12 15 0.32600
884 437 14 16 0.32463
911 320 12 14 0.32420
867 181 8 9 0.32263
279 369 9 11 0.32228
253 267 9 12 0.32172
678 220 9 11 0.32148
98 362 11 14 0.32058
898 416 11 15 0.31831
418 509 14 19 0.31508
536 384 10 13 0.31360
860 265 9 13 0.31278
590 291 10 13 0.31224
60 180 7 9 0.30336
780 434 13 15 0.30096
602 186 8 11 0.29892
940 145 7 10 0.29605
207 347 10 13 0.29574
127 235 8 11 0.29533
653 318 11 14 0.29500
518 467 13 16 0.29442
703 310 11 14 0.29390
604 491 14 17 0.29198
204 333 10 12 0.28719
20 424 11 12 0.28611
945 294 10 13 0.28375
446 312 12 14 0.28328
640 191 8 11 0.28296
859 350 13 16 0.28282
529 358 11 13 0.27675
927 293 11 15 0.27598
489 352 10 15 0.27453
383 292 10 13 0.27438
928 430 12 15 0.27355
592 213 9 12 0.27157
757 269 9 12 0.27116
806 157 8 10 0.26607
261 445 12 17 0.26409
117 341 10 13 0.26244
525 263 10 14 0.26155
436 290 10 13 0.26043
663 254 10 13 0.26028
36 181 7 9 0.25991
110 313 10 13 0.25838
760 212 9 11 0.25746
305 412 10 12 0.25688
149 206 9 10 0.25616
821 399 12 15 0.25595
508 188 8 10 0.25184
596 462 13 16 0.25051
742 270 9 10 0.25030
100 293 10 12 0.25006
