3
23
737 169 38 46 0.83507
583 216 35 40 0.81010
333 231 39 49 0.80207
486 216 19 23 0.78013
439 197 27 30 0.77858
572 173 23 28 0.77403
206 212 32 39 0.76775
844 202 26 29 0.76376
706 210 21 25 0.74377
170 181 29 36 0.71806
932 190 16 20 0.71536
998 207 21 26 0.69620
408 207 14 18 0.69387
91 188 26 31 0.64557
298 216 19 22 0.62504
40 201 25 27 0.60984
667 213 14 16 0.53541
691 214 12 16 0.52014
273 213 16 21 0.50353
48 204 28 28 0.41545
903 217 12 16 0.36145
661 213 12 16 0.29557
832 207 16 21 0.26170
