31_Waiter_Waitress_Waiter_Waitress_31_420
21
464 180 29 43 0.85259
652 220 28 34 0.83733
332 301 22 29 0.81273
239 316 20 24 0.80326
582 217 29 34 0.79472
917 210 31 44 0.78045
374 300 22 27 0.77210
691 239 27 33 0.75457
40 218 23 28 0.75363
694 208 25 31 0.72949
534 204 23 30 0.69664
281 319 16 18 0.68103
490 216 23 28 0.67428
153 262 17 20 0.64919
868 306 21 29 0.64538
123 297 16 21 0.58934
555 223 25 32 0.46209
409 234 17 23 0.43106
184 295 14 19 0.35156
199 292 15 19 0.27665
886 310 20 31 0.27156
