32_Worker_Laborer_Worker_Laborer_32_516
21
296 119 44 55 0.88428
757 99 42 53 0.87409
257 111 34 44 0.87057
47 24 72 89 0.87016
967 51 56 85 0.86528
344 306 48 46 0.85338
419 124 31 38 0.84860
521 100 37 49 0.83428
844 119 29 33 0.83032
763 328 55 51 0.82632
672 318 47 47 0.82213
282 312 43 42 0.80685
880 145 33 39 0.80039
227 129 28 34 0.78118
481 340 35 32 0.78033
370 147 18 22 0.77585
576 353 38 36 0.77202
727 142 26 31 0.58457
676 161 19 24 0.49721
596 119 25 28 0.49501
209 146 17 25 0.27349
