33_Running_Running_33_786
31
502 460 36 41 0.83880
505 124 31 37 0.82770
916 450 22 32 0.82651
130 375 27 32 0.79215
521 240 29 33 0.78710
90 456 12 16 0.71812
732 456 28 42 0.71336
143 462 14 19 0.69948
942 352 15 18 0.69619
951 114 16 21 0.67310
282 228 15 19 0.66440
341 463 14 17 0.65959
332 254 18 19 0.65838
315 373 16 18 0.64465
900 120 14 17 0.63462
885 339 17 20 0.60576
49 464 13 15 0.59549
977 340 13 17 0.56298
550 339 8 12 0.53784
183 372 13 16 0.47924
847 138 7 9 0.43054
803 137 12 15 0.42829
711 330 16 19 0.42744
509 338 9 12 0.40826
50 237 9 10 0.39202
920 133 10 12 0.36527
705 131 22 23 0.36072
109 247 9 11 0.35856
76 383 17 26 0.33307
690 331 12 14 0.28883
762 145 12 16 0.26671
