33_Running_Running_33_316
33
219 166 46 60 0.87889
856 200 48 66 0.86532
153 188 39 48 0.86399
627 182 45 61 0.85675
759 149 52 70 0.85542
526 222 41 52 0.84553
402 184 46 58 0.84502
262 173 37 48 0.82878
352 173 39 51 0.82592
693 152 20 25 0.79075
854 114 15 20 0.76633
184 132 15 19 0.74554
477 232 32 34 0.73958
428 126 15 17 0.68837
893 121 13 16 0.68686
717 138 15 18 0.67143
913 133 12 15 0.66945
326 174 19 27 0.66215
546 125 13 16 0.64251
665 133 12 17 0.63763
427 159 33 44 0.62869
217 104 11 14 0.59833
289 105 12 15 0.59760
574 131 12 16 0.56694
787 122 13 16 0.53982
102 159 13 15 0.46857
471 131 11 13 0.44877
47 111 13 16 0.44627
821 113 12 15 0.43972
327 109 9 12 0.36205
412 109 10 13 0.33538
823 130 12 14 0.33253
597 121 12 15 0.30013
