33_Running_Running_33_266
32
485 250 49 60 0.88252
794 92 42 56 0.87277
239 221 44 58 0.87102
769 271 49 60 0.86296
611 124 42 51 0.86295
873 195 46 58 0.85375
184 173 43 47 0.84726
362 257 47 63 0.84230
0 165 39 52 0.84006
95 263 46 58 0.82735
746 214 45 53 0.81437
805 200 50 54 0.79814
392 132 41 47 0.77333
250 158 40 47 0.75238
512 174 46 48 0.74679
479 147 33 43 0.73815
664 196 44 41 0.71678
917 102 36 58 0.71338
991 209 31 44 0.70350
376 214 44 44 0.69927
36 168 31 43 0.66804
884 128 44 56 0.66447
283 203 40 42 0.59651
126 201 35 33 0.49356
226 152 24 36 0.49221
956 175 33 58 0.40898
50 140 39 46 0.35984
69 220 42 41 0.34836
323 160 29 42 0.32095
649 326 41 34 0.28649
156 144 25 26 0.26483
354 153 35 42 0.25446
