34_Baseball_Baseball_34_350
35
604 273 19 23 0.72964
654 274 16 20 0.64792
973 101 11 13 0.61024
119 7 10 13 0.52245
190 138 9 11 0.52175
539 131 12 15 0.51781
800 147 11 13 0.51069
593 130 11 13 0.49695
218 95 11 13 0.47693
785 97 9 13 0.47072
486 118 10 12 0.45661
551 112 10 13 0.43226
961 118 10 12 0.41696
839 117 10 13 0.41260
609 154 10 13 0.40847
907 98 10 13 0.39162
428 489 26 30 0.37526
675 150 10 13 0.36746
955 29 10 13 0.36255
171 124 10 12 0.36194
118 140 9 11 0.34285
894 116 10 13 0.33534
667 4 10 12 0.31691
680 102 10 12 0.31430
496 132 10 12 0.31272
672 262 14 17 0.31138
398 14 8 9 0.30757
816 178 10 14 0.30283
87 117 10 13 0.29442
923 88 9 11 0.28980
361 31 8 10 0.28967
18 7 10 12 0.28923
507 29 9 11 0.27263
526 91 9 11 0.25458
233 118 9 11 0.25235
