35_Basketball_basketballgame_ball_35_80
23
492 93 103 125 0.87171
293 12 39 49 0.86969
261 130 47 66 0.85583
165 4 42 51 0.84606
381 14 40 54 0.83373
807 76 52 62 0.82332
2 362 43 56 0.82134
886 65 47 61 0.81854
32 114 36 48 0.80256
65 207 46 57 0.79790
93 185 37 46 0.79752
8 173 38 42 0.74823
2 239 30 49 0.74642
159 232 41 51 0.69340
901 376 37 53 0.62268
139 158 31 34 0.61033
436 210 26 36 0.58621
598 174 57 67 0.44011
706 421 71 107 0.38696
184 174 26 42 0.34259
487 3 49 44 0.32969
370 111 37 44 0.30271
108 223 44 55 0.25370
