35_Basketball_basketballgame_ball_35_287
41
244 402 10 12 0.67179
274 424 12 15 0.66735
610 409 10 13 0.65956
199 397 10 14 0.63628
257 434 12 16 0.58750
648 448 10 14 0.58686
185 441 11 14 0.56332
890 445 12 16 0.55672
635 407 10 12 0.55608
951 422 11 14 0.53632
295 427 12 16 0.51857
811 418 11 15 0.51214
303 411 10 12 0.50601
216 445 11 14 0.48019
792 358 10 12 0.45021
869 362 10 14 0.44876
796 423 9 12 0.44847
971 450 10 13 0.44614
769 388 12 14 0.41825
27 332 9 11 0.39915
804 451 10 13 0.39913
307 434 11 15 0.39445
395 358 9 11 0.39434
422 360 11 15 0.39296
308 271 8 9 0.37977
71 390 11 14 0.37793
375 386 9 13 0.37415
694 414 9 11 0.35641
932 371 9 12 0.35497
629 453 10 12 0.34210
58 386 11 13 0.33806
896 380 10 12 0.33739
204 461 11 14 0.32573
685 443 9 12 0.31829
1000 364 9 12 0.29987
986 328 9 12 0.28491
610 434 9 12 0.27446
715 357 8 10 0.26644
414 447 11 15 0.26234
932 399 10 13 0.26216
664 376 9 10 0.25645
