35_Basketball_Basketball_35_107
75
420 59 126 174 0.86412
42 208 75 110 0.86397
932 440 34 41 0.82042
948 367 28 38 0.80837
692 548 46 52 0.80098
891 375 29 37 0.78383
847 383 33 38 0.78308
733 350 22 25 0.72379
619 452 31 35 0.72094
991 486 40 73 0.71374
605 515 38 51 0.70357
852 302 22 28 0.69439
201 328 17 22 0.69330
953 491 40 55 0.68918
817 410 29 33 0.68133
742 478 28 42 0.67655
687 203 17 20 0.65226
679 508 36 45 0.62898
919 359 25 30 0.62849
1007 345 16 23 0.62157
312 165 14 18 0.61102
163 284 21 25 0.60795
1010 430 19 36 0.60149
664 441 35 38 0.59468
319 65 16 19 0.59315
856 351 23 29 0.59280
263 168 13 18 0.58674
221 68 14 19 0.58471
225 358 19 23 0.58253
166 72 14 17 0.58022
916 123 18 21 0.55943
682 77 16 19 0.55133
746 378 21 25 0.54971
334 121 16 19 0.53900
614 107 14 17 0.52712
232 119 16 20 0.52121
210 99 17 21 0.51849
847 134 16 20 0.51234
780 222 18 23 0.51184
774 92 17 21 0.50646
789 350 15 20 0.50279
787 10 15 18 0.47933
273 68 13 16 0.47536
1004 103 17 25 0.47419
292 121 14 17 0.47245
364 90 16 20 0.46234
1008 385 15 24 0.44270
144 43 13 16 0.41761
783 159 21 24 0.41742
606 504 33 41 0.40749
291 40 12 16 0.40347
817 90 16 19 0.39413
97 157 20 22 0.39133
22 3 14 16 0.38033
390 30 13 17 0.37869
867 215 22 26 0.37577
318 97 13 17 0.36003
297 14 12 16 0.34751
711 359 15 19 0.34736
231 356 21 25 0.34673
879 90 17 22 0.34445
337 32 12 15 0.33477
766 359 17 20 0.33414
740 194 14 19 0.33189
747 76 14 18 0.32883
814 340 20 22 0.31354
978 150 15 19 0.30319
272 3 13 16 0.29244
244 98 15 19 0.28292
747 11 13 17 0.28148
677 19 12 15 0.28049
260 30 12 16 0.27577
815 128 15 19 0.27133
586 27 12 14 0.25840
705 54 13 18 0.25069
