35_Basketball_basketballgame_ball_35_662
31
65 104 43 55 0.87487
286 133 34 41 0.86068
799 131 51 60 0.85900
244 67 35 40 0.85617
757 2 29 33 0.85504
207 146 42 57 0.85364
598 48 49 64 0.84984
379 71 28 34 0.84363
171 0 31 33 0.84157
114 111 34 39 0.83947
109 66 32 40 0.83851
478 79 55 73 0.83400
62 41 28 34 0.82920
363 139 34 38 0.82828
683 120 53 62 0.82778
308 98 32 37 0.79755
684 50 32 36 0.78865
428 14 26 34 0.78571
805 40 33 37 0.77855
712 82 30 40 0.77661
557 34 25 32 0.75251
227 123 35 41 0.71673
35 115 28 33 0.71633
276 1 34 30 0.69569
846 142 26 40 0.68932
2 172 25 37 0.63356
663 4 25 29 0.61296
737 130 40 52 0.61066
0 0 16 25 0.56710
495 -1 23 21 0.46527
63 3 26 26 0.30865
