35_Basketball_basketballgame_ball_35_565
78
882 354 20 27 0.79479
787 472 23 34 0.77871
899 292 17 21 0.73601
579 426 16 21 0.69990
866 433 22 27 0.69593
801 427 21 27 0.68246
797 333 18 22 0.67570
869 217 14 17 0.67336
914 254 13 16 0.66848
701 385 21 29 0.66550
964 285 16 21 0.65866
780 386 20 27 0.63469
100 446 15 19 0.62225
829 227 12 15 0.62204
532 450 16 20 0.62177
876 462 20 27 0.60584
784 186 10 13 0.60023
848 179 10 13 0.59836
731 308 15 20 0.59750
614 345 14 17 0.59686
826 384 20 28 0.59332
540 325 12 17 0.58920
817 277 15 18 0.58003
978 144 12 15 0.58002
517 434 14 18 0.57057
443 417 11 15 0.56071
803 260 13 16 0.55325
762 250 12 15 0.55125
74 401 12 14 0.53426
404 416 12 14 0.53154
708 313 14 18 0.52384
137 451 14 18 0.51214
317 423 13 17 0.50483
842 277 11 14 0.49661
592 473 20 26 0.48467
939 237 13 16 0.48421
502 371 11 14 0.48321
927 393 19 25 0.48195
687 309 12 16 0.47807
553 435 13 17 0.47417
786 231 12 15 0.47149
633 270 10 13 0.47138
650 350 12 15 0.46971
880 172 10 13 0.46513
721 287 14 17 0.45713
672 263 12 14 0.45596
418 339 9 12 0.45351
707 249 10 14 0.44928
436 342 9 12 0.44837
777 264 12 15 0.44103
857 252 12 14 0.43375
891 250 11 14 0.43153
257 456 17 21 0.42595
638 224 8 10 0.41444
548 279 10 12 0.41044
976 264 15 18 0.40713
470 381 12 14 0.36825
568 311 10 14 0.36304
377 347 9 11 0.34953
910 235 11 13 0.33777
399 343 9 12 0.33489
224 451 13 17 0.33263
331 375 10 12 0.32276
13 391 8 10 0.31859
703 210 8 9 0.31835
603 431 16 20 0.31700
661 308 13 15 0.31612
955 245 14 17 0.31471
114 424 10 13 0.30680
718 250 10 13 0.29720
794 319 18 22 0.27659
1010 194 10 12 0.26954
751 190 9 12 0.26457
521 337 10 13 0.26451
162 392 8 11 0.26182
663 282 12 15 0.26120
38 436 8 10 0.26039
916 160 11 15 0.25525
