35_Basketball_basketballgame_ball_35_393
26
858 282 15 21 0.73507
703 298 15 18 0.67787
416 301 12 15 0.62162
21 329 10 13 0.57591
781 290 14 19 0.57064
64 268 9 11 0.53120
68 225 9 11 0.50503
51 336 9 11 0.49002
164 293 12 15 0.48282
677 289 13 16 0.48240
708 294 14 18 0.48086
118 225 8 11 0.47462
125 313 10 12 0.45456
20 240 8 10 0.44659
14 270 10 12 0.42774
79 282 9 11 0.41621
83 334 8 11 0.37974
71 225 9 11 0.36085
47 284 9 12 0.34884
0 330 10 14 0.34441
14 301 10 13 0.32140
94 229 8 11 0.32132
110 238 9 11 0.31206
93 314 9 10 0.26242
12 279 10 11 0.26106
110 335 9 11 0.25390
