35_Basketball_basketballgame_ball_35_709
95
221 1009 35 42 0.80674
880 1010 31 38 0.79520
64 989 30 38 0.79044
765 999 32 39 0.78936
5 1004 35 47 0.77674
181 981 35 45 0.75843
285 992 35 42 0.75282
347 966 28 34 0.73847
245 929 23 29 0.71320
995 1000 27 37 0.71292
413 753 21 27 0.71203
850 919 21 29 0.68556
171 940 24 29 0.68213
38 990 25 34 0.65628
939 983 21 27 0.64087
322 777 22 28 0.62806
136 961 25 31 0.62681
135 823 26 32 0.62471
105 826 22 29 0.62375
781 714 17 22 0.61780
992 929 23 31 0.61538
931 906 18 25 0.61244
865 860 21 26 0.58948
989 976 27 35 0.58622
522 404 69 73 0.58352
862 978 22 27 0.56944
969 908 19 25 0.55531
505 938 21 27 0.55426
903 925 20 24 0.54996
55 806 20 27 0.54687
438 702 18 23 0.54071
54 958 23 29 0.53806
828 721 17 22 0.53364
971 833 19 24 0.53087
305 803 21 26 0.52959
947 684 17 21 0.51258
766 923 21 27 0.51195
497 1002 20 28 0.50716
394 872 23 29 0.49981
903 981 20 27 0.49789
386 782 23 30 0.49703
858 815 17 21 0.49224
913 869 17 22 0.49032
5 967 20 25 0.48545
962 969 20 25 0.47632
923 801 19 25 0.46806
353 833 23 28 0.46343
971 605 15 20 0.46258
259 778 21 25 0.46182
82 859 21 26 0.45875
241 733 17 24 0.45773
982 780 19 22 0.45234
264 985 27 34 0.44741
993 811 21 26 0.44009
796 807 21 24 0.43500
16 856 24 28 0.41640
354 555 17 21 0.40546
27 775 21 27 0.40257
788 980 23 29 0.40149
354 752 19 25 0.39461
268 706 17 22 0.39188
290 626 16 20 0.39039
803 778 17 21 0.38708
925 585 17 23 0.38407
906 950 21 23 0.37706
924 733 16 21 0.37420
48 632 23 28 0.37074
411 550 15 20 0.36480
421 641 18 22 0.36042
362 718 18 22 0.35221
329 645 16 20 0.34677
97 931 20 24 0.34458
229 684 16 21 0.33778
155 708 21 28 0.33732
122 1000 24 30 0.33160
753 966 20 26 0.32916
391 628 16 20 0.32685
263 662 16 19 0.32329
854 892 19 22 0.31312
302 555 17 22 0.30956
833 777 15 18 0.30593
242 550 18 22 0.30240
1 888 20 27 0.29494
896 670 16 21 0.29332
801 868 17 22 0.29330
390 582 16 21 0.29273
322 704 18 22 0.28924
98 980 19 26 0.28451
16 619 18 24 0.28432
674 569 19 23 0.28084
869 777 15 19 0.26601
79 565 17 22 0.25895
160 995 28 33 0.25268
880 735 16 21 0.25186
-1 813 14 25 0.25001
