35_Basketball_basketballgame_ball_35_64
58
951 182 72 108 0.86831
474 224 63 79 0.86044
32 244 56 66 0.85981
125 288 57 75 0.85743
806 183 38 49 0.85458
591 209 66 91 0.85341
294 240 62 78 0.85255
99 201 41 53 0.84556
905 174 54 89 0.84509
689 216 74 94 0.83853
657 105 33 42 0.82670
96 129 25 31 0.82333
272 127 27 33 0.80771
238 246 32 41 0.80105
0 244 29 41 0.78804
141 108 24 32 0.76701
870 60 25 33 0.76236
0 295 37 62 0.75973
441 110 29 37 0.75948
493 161 34 37 0.75640
150 140 26 32 0.75287
399 148 28 35 0.75143
466 64 24 31 0.75128
591 77 30 36 0.74723
344 157 24 29 0.74081
537 18 23 31 0.73666
390 70 23 29 0.71343
566 195 40 51 0.71131
415 112 27 35 0.69183
235 190 32 38 0.68288
623 6 24 29 0.68218
193 218 30 34 0.66674
239 163 33 43 0.66276
277 219 34 42 0.66186
24 78 21 26 0.65597
32 155 29 29 0.65054
525 95 25 29 0.59701
448 6 25 28 0.59117
414 16 22 26 0.59101
54 194 23 30 0.58815
90 40 18 24 0.57347
216 108 25 30 0.55256
266 7 22 26 0.52290
48 42 19 24 0.49134
297 95 23 26 0.48554
377 171 20 25 0.47285
454 45 19 24 0.45663
207 9 19 25 0.44348
688 191 46 56 0.44338
241 68 27 30 0.39525
171 250 34 42 0.38561
725 97 32 35 0.38193
427 111 25 35 0.35952
157 7 19 22 0.35880
337 0 20 20 0.32364
181 78 27 30 0.31019
263 100 24 28 0.28618
461 55 24 31 0.25591
