35_Basketball_playingbasketball_35_795
22
221 74 23 28 0.81047
84 37 22 30 0.79593
48 262 69 98 0.77281
561 53 37 57 0.72309
485 498 14 19 0.70522
845 84 47 62 0.69785
952 28 19 27 0.64109
610 520 11 15 0.61934
641 16 15 21 0.55658
39 14 9 12 0.53067
475 114 14 20 0.51628
851 592 11 14 0.46468
436 520 10 13 0.46315
935 568 11 13 0.42113
138 109 18 23 0.37741
770 7 18 24 0.33576
392 8 12 14 0.32752
593 28 14 17 0.30946
521 466 11 14 0.29396
972 79 18 23 0.27214
912 437 22 33 0.27145
663 550 7 9 0.25841
