35_Basketball_basketballgame_ball_35_689
108
316 316 17 22 0.71546
689 236 13 16 0.69414
449 202 11 15 0.65062
742 19 10 13 0.63004
136 137 12 15 0.62892
422 203 11 13 0.61743
28 144 12 15 0.61067
524 208 13 15 0.60401
802 87 13 16 0.59468
448 178 11 13 0.59093
553 217 12 15 0.58183
411 143 10 14 0.57838
870 198 13 16 0.57805
871 129 11 15 0.57135
67 147 11 15 0.56465
665 225 12 16 0.55590
581 190 13 17 0.54851
342 139 12 15 0.54809
723 184 12 14 0.54763
673 369 17 22 0.53981
208 255 13 16 0.53866
580 133 10 13 0.53821
393 192 11 14 0.53086
938 69 11 15 0.52662
74 129 11 13 0.52631
577 93 10 14 0.52329
954 275 13 15 0.51871
474 144 13 17 0.51716
95 153 12 15 0.51258
614 11 10 13 0.50636
515 190 11 13 0.50114
123 198 10 13 0.50072
698 176 11 15 0.50045
479 116 12 16 0.50038
655 71 11 14 0.50031
616 133 11 13 0.50014
653 103 13 15 0.50000
152 48 12 14 0.49713
946 140 11 14 0.49655
630 201 12 15 0.49641
986 107 12 15 0.48454
469 221 12 14 0.48221
184 154 10 13 0.48023
229 3 12 14 0.47975
652 201 12 16 0.47196
727 145 11 14 0.47078
34 65 11 14 0.47078
350 17 11 14 0.46672
591 217 13 16 0.46058
285 131 10 12 0.45723
959 191 11 13 0.45027
927 168 12 14 0.44987
212 85 11 14 0.44254
435 23 12 14 0.43941
708 57 10 12 0.43924
581 64 11 14 0.43715
301 12 11 14 0.43300
242 125 10 13 0.42454
353 104 10 13 0.42441
295 71 10 13 0.42322
98 45 11 14 0.42072
396 23 9 12 0.41357
490 86 11 14 0.40371
550 91 12 16 0.40173
882 174 12 14 0.39989
393 79 10 13 0.39818
443 81 11 14 0.38875
143 78 10 15 0.38358
994 283 11 12 0.38348
989 145 11 14 0.37950
271 164 11 14 0.37931
324 99 10 13 0.37318
236 155 11 14 0.37021
824 65 10 13 0.36684
77 42 9 12 0.36566
313 132 11 14 0.36222
910 100 11 13 0.35999
413 109 10 13 0.35405
423 174 10 13 0.35400
806 151 14 19 0.35365
61 68 9 12 0.34995
521 91 11 14 0.34625
616 72 11 15 0.34391
237 92 10 12 0.33974
391 49 10 12 0.33768
518 3 11 13 0.33695
269 47 11 14 0.33598
552 195 10 14 0.32978
970 39 12 15 0.32149
219 122 10 12 0.31806
115 23 10 11 0.31493
244 61 11 13 0.31466
333 69 11 14 0.31257
144 20 11 13 0.31116
684 78 11 15 0.30968
675 44 11 14 0.30885
699 20 10 13 0.30872
335 179 15 17 0.30493
97 134 12 15 0.29771
49 127 11 14 0.29354
556 159 11 13 0.29300
119 73 10 13 0.28938
438 143 11 14 0.28219
550 299 19 22 0.28182
175 112 12 15 0.27179
425 50 11 15 0.27172
295 99 10 13 0.27151
519 65 10 13 0.26349
