35_Basketball_basketballgame_ball_35_82
68
285 254 48 60 0.82470
439 193 45 59 0.81805
799 406 21 28 0.77644
651 407 19 23 0.77217
705 312 19 25 0.77154
605 413 16 20 0.76708
772 408 21 26 0.75336
647 319 15 19 0.66464
514 185 12 16 0.58585
343 223 11 15 0.55436
554 184 13 15 0.52035
141 229 14 18 0.51848
111 371 15 18 0.51538
193 157 12 16 0.51344
634 377 13 16 0.47879
707 257 12 16 0.47205
193 121 12 15 0.46174
99 34 12 14 0.46053
206 262 11 13 0.46040
295 197 11 15 0.45545
757 275 12 16 0.45012
152 201 13 16 0.44653
654 252 12 15 0.44462
618 398 12 14 0.41993
251 169 12 15 0.39925
241 241 11 14 0.39504
102 229 12 15 0.38592
184 249 11 15 0.38399
733 306 12 16 0.38394
33 373 15 19 0.38312
266 6 12 14 0.38140
803 273 12 16 0.37385
173 229 11 14 0.37254
172 271 12 16 0.37211
27 25 11 13 0.37139
77 206 12 16 0.36084
537 39 9 11 0.36021
162 43 11 15 0.35987
208 295 13 17 0.34920
29 208 12 16 0.33805
498 97 11 14 0.33613
113 211 13 17 0.32945
130 72 11 15 0.32494
568 415 14 18 0.32161
741 327 14 18 0.31873
611 218 10 13 0.31710
435 136 11 15 0.31539
398 101 11 13 0.31008
51 72 11 14 0.30718
784 29 9 12 0.30343
647 217 12 14 0.30285
65 108 11 15 0.30066
614 174 12 15 0.29869
676 324 12 16 0.29813
383 406 15 19 0.29707
682 194 11 14 0.29530
196 186 11 15 0.29059
755 122 11 14 0.29002
603 144 11 14 0.28615
390 137 12 15 0.28505
47 176 12 15 0.28346
250 228 11 13 0.28174
167 100 11 14 0.27293
154 306 12 16 0.27250
196 55 11 13 0.27097
786 383 14 17 0.26688
9 287 14 18 0.25893
582 408 12 15 0.25126
