35_Basketball_Basketball_35_327
22
916 144 39 52 0.88705
84 163 28 35 0.85229
789 170 31 40 0.85119
539 153 28 35 0.84910
24 176 24 31 0.83950
829 146 26 34 0.83420
383 174 24 29 0.82461
597 162 21 26 0.81848
664 154 27 32 0.81836
969 183 30 37 0.81386
765 146 27 35 0.81300
465 181 22 29 0.81263
185 183 19 24 0.80662
434 162 22 26 0.80600
739 155 23 30 0.80495
249 168 21 27 0.80207
412 230 50 77 0.78747
324 186 18 23 0.76686
491 178 17 21 0.75633
636 171 20 25 0.71497
985 160 21 24 0.67423
566 162 15 21 0.34673
