35_Basketball_playingbasketball_35_195
24
460 389 16 20 0.74641
582 381 16 23 0.69728
972 388 14 18 0.68076
153 404 10 12 0.65602
505 387 11 14 0.64878
739 398 9 12 0.64481
304 403 10 13 0.63735
710 398 10 13 0.63574
539 403 10 13 0.61640
781 388 12 15 0.60519
51 401 10 13 0.59101
113 407 9 12 0.59096
1010 396 11 16 0.58978
433 402 9 12 0.51638
209 274 17 30 0.48293
360 400 9 11 0.45536
771 405 9 11 0.44552
618 427 8 10 0.37990
666 394 8 10 0.37090
346 399 10 12 0.34975
680 406 8 10 0.31642
252 406 8 10 0.31557
136 414 8 11 0.31302
350 400 10 11 0.26620
