35_Basketball_playingbasketball_35_495
111
342 755 59 69 0.83905
825 827 57 64 0.81768
171 1115 27 36 0.76576
669 984 22 29 0.76235
232 1153 27 35 0.76031
203 963 25 32 0.75536
742 988 23 31 0.75292
167 630 20 27 0.73945
737 1058 24 31 0.73689
971 894 20 24 0.72818
105 572 17 23 0.72675
262 771 21 25 0.72299
180 923 23 29 0.70680
168 566 17 22 0.70641
206 608 18 22 0.69819
173 705 22 27 0.69736
727 813 19 25 0.69715
250 1103 29 35 0.69432
905 815 20 25 0.69147
243 702 20 25 0.68929
225 743 22 26 0.68624
545 403 82 77 0.68204
843 604 16 20 0.67763
109 625 17 23 0.67727
348 471 16 20 0.67667
521 149 15 20 0.67563
232 636 18 23 0.67404
988 692 16 21 0.67091
45 568 15 20 0.66974
676 822 20 24 0.66744
831 629 16 20 0.66734
819 657 16 21 0.66082
801 725 17 21 0.65616
737 750 17 21 0.65549
261 605 17 22 0.65134
770 856 19 25 0.64697
722 847 17 22 0.64373
287 579 15 19 0.63999
704 471 16 22 0.63928
741 600 14 18 0.63559
304 634 17 20 0.62973
835 791 17 21 0.62812
783 817 18 23 0.62663
289 449 14 20 0.62316
201 434 15 19 0.62181
788 646 15 19 0.61736
136 671 17 22 0.61543
794 755 16 20 0.61271
1009 899 15 21 0.61006
918 667 16 22 0.60927
288 740 18 22 0.60325
861 762 17 21 0.60229
123 444 14 19 0.59788
319 609 17 21 0.58934
685 960 21 26 0.58817
935 693 15 20 0.58715
220 587 15 18 0.57848
951 828 15 20 0.57741
857 483 14 17 0.57738
710 620 15 21 0.57409
688 690 16 21 0.55290
983 636 15 18 0.55244
972 841 16 20 0.53711
866 729 20 24 0.53654
943 793 17 22 0.53261
288 702 17 22 0.52589
660 856 20 24 0.52257
17 781 68 71 0.52083
283 670 18 21 0.51913
594 709 17 21 0.50669
935 606 14 17 0.50442
339 736 17 21 0.50065
962 737 15 19 0.49529
607 63 15 20 0.49526
765 452 14 17 0.49402
1005 1198 20 28 0.49024
871 659 15 20 0.48994
350 579 15 19 0.48579
143 436 14 18 0.46870
698 718 18 22 0.46780
697 792 15 21 0.46320
1007 445 13 19 0.46129
992 607 14 18 0.45331
680 440 14 18 0.44446
945 629 15 19 0.44302
997 759 18 22 0.44109
799 80 14 18 0.44058
55 629 15 19 0.43012
591 682 16 19 0.41752
881 689 14 18 0.41241
874 628 14 19 0.41042
678 173 15 19 0.40189
696 752 15 19 0.39452
993 659 15 20 0.37499
360 427 13 17 0.36531
609 131 16 21 0.36374
659 802 18 23 0.35164
38 621 18 22 0.33775
723 898 18 21 0.32636
734 786 16 21 0.32259
728 659 14 18 0.32052
781 494 12 14 0.30745
946 863 17 21 0.30711
763 971 22 26 0.30644
947 820 16 22 0.28722
221 461 13 17 0.28234
578 177 15 19 0.27579
52 447 14 18 0.26485
1013 833 12 19 0.26088
897 514 14 18 0.25417
698 183 15 19 0.25150
