35_Basketball_playingbasketball_35_674
38
185 138 46 57 0.87026
152 65 36 46 0.85250
88 7 33 38 0.83657
373 154 61 74 0.82043
16 234 33 44 0.81317
859 260 31 38 0.80224
0 91 25 45 0.80155
981 23 44 85 0.80053
598 275 33 44 0.78154
562 103 30 37 0.78135
290 117 30 35 0.76534
266 83 33 39 0.75368
213 74 29 37 0.74380
171 17 30 36 0.74302
633 43 44 72 0.73532
356 92 32 33 0.70420
407 20 26 33 0.67372
602 26 22 29 0.66911
480 111 22 25 0.64800
802 53 23 30 0.64244
578 74 24 30 0.64170
453 47 23 29 0.63204
901 80 22 26 0.63131
507 32 23 30 0.61773
452 19 23 28 0.56187
980 126 17 23 0.55655
270 17 21 24 0.55452
351 10 25 33 0.54061
875 172 25 29 0.50299
999 249 22 26 0.50046
840 135 25 31 0.45840
646 268 33 39 0.44421
949 251 23 27 0.41550
815 156 29 39 0.40517
785 88 25 32 0.38356
555 36 22 25 0.37960
742 50 22 26 0.37729
930 85 17 22 0.32630
