35_Basketball_playingbasketball_35_876
85
461 104 83 118 0.89105
67 102 74 111 0.86181
709 500 25 31 0.81682
263 529 24 31 0.79873
730 524 24 30 0.79742
857 486 20 25 0.79028
656 502 25 32 0.78330
965 345 18 21 0.77561
771 499 22 28 0.77472
895 460 23 28 0.77177
207 528 22 27 0.76555
980 518 22 26 0.76358
882 403 19 24 0.76277
956 506 20 25 0.75910
886 514 23 28 0.75467
799 503 25 32 0.75302
929 452 18 23 0.74380
135 464 18 23 0.72905
929 520 21 25 0.72372
207 239 17 19 0.70933
889 320 18 23 0.70724
622 403 20 27 0.70675
678 179 15 20 0.69590
954 314 17 21 0.69555
952 400 18 22 0.68345
849 423 18 25 0.67683
923 491 16 22 0.67027
995 379 15 20 0.66922
156 481 20 24 0.66642
824 478 18 23 0.65556
815 256 16 20 0.63763
334 71 13 17 0.63565
990 432 18 21 0.63544
866 448 20 26 0.62669
728 318 17 21 0.62499
932 415 16 21 0.62428
962 448 18 21 0.62402
255 203 13 17 0.61252
210 490 19 22 0.60713
908 267 13 17 0.60680
105 477 16 22 0.60171
810 288 16 19 0.59957
235 226 15 18 0.59770
328 150 14 18 0.59739
89 467 17 23 0.59490
997 177 13 17 0.58505
944 221 16 21 0.58094
724 180 13 18 0.57203
244 80 12 16 0.56494
841 314 17 20 0.55792
724 229 13 17 0.55473
664 257 14 18 0.54641
284 176 13 16 0.53993
625 244 16 20 0.53589
865 264 13 18 0.53321
1008 505 14 22 0.52735
231 179 13 15 0.52340
632 183 14 19 0.52216
714 251 16 20 0.52140
287 82 13 17 0.50835
298 230 14 17 0.50004
818 450 16 19 0.49376
268 476 14 17 0.48365
190 158 13 16 0.48320
585 176 15 18 0.47510
149 151 13 18 0.46922
681 227 16 20 0.45675
981 219 12 16 0.44067
766 184 14 18 0.43246
954 199 14 17 0.42273
279 143 13 17 0.40369
955 149 13 16 0.37630
779 321 15 18 0.35847
776 207 16 17 0.35286
985 462 18 22 0.34998
737 490 18 22 0.32704
944 340 16 22 0.32425
296 203 15 19 0.32241
305 549 22 25 0.31634
912 429 17 22 0.31242
423 13 13 15 0.31026
1002 415 16 21 0.27116
187 93 33 35 0.26908
286 493 16 19 0.26295
294 518 16 20 0.26016
