36_Football_americanfootball_ball_36_6
27
353 270 15 18 0.77163
407 157 14 19 0.76817
939 153 14 18 0.76265
566 124 13 17 0.74878
300 172 14 19 0.74560
652 161 14 18 0.74430
613 163 14 16 0.74069
612 252 16 19 0.73868
251 168 15 19 0.72523
356 169 13 17 0.72430
595 214 15 18 0.72299
400 193 13 18 0.71768
25 153 14 17 0.71740
994 150 15 19 0.70129
444 198 20 23 0.67323
376 217 14 18 0.65957
967 255 16 20 0.65809
646 230 13 15 0.61847
575 274 11 13 0.59791
479 245 37 41 0.58779
250 273 17 18 0.58086
126 103 36 43 0.56789
449 178 13 14 0.49827
493 170 16 18 0.46193
804 126 33 44 0.40290
861 150 30 32 0.37707
541 217 22 28 0.27242
