36_Football_Football_36_157
138
460 32 22 28 0.82791
41 255 24 28 0.80811
756 119 17 22 0.80170
74 196 21 26 0.80144
160 202 24 28 0.79608
869 86 22 28 0.78774
738 219 31 36 0.78701
542 27 20 25 0.77945
184 185 22 26 0.77719
615 74 20 25 0.77588
608 243 28 30 0.77466
335 179 19 24 0.77412
50 129 21 26 0.77212
507 176 21 26 0.77140
906 220 23 27 0.76704
786 55 19 25 0.76664
392 81 21 25 0.76603
500 248 23 29 0.76422
229 173 20 22 0.75988
535 75 20 27 0.75462
426 262 21 24 0.75329
579 85 19 24 0.75144
666 34 20 24 0.74907
876 171 21 27 0.74644
120 111 17 22 0.74593
480 121 19 24 0.74525
344 134 20 25 0.74470
661 253 21 25 0.74221
143 97 20 23 0.74176
583 188 21 23 0.74098
143 270 17 24 0.73631
579 6 21 26 0.73509
514 55 17 22 0.73500
303 159 19 24 0.73302
299 216 21 25 0.73053
90 107 17 20 0.73033
846 50 18 22 0.73005
969 24 19 23 0.72216
609 142 21 27 0.71999
152 150 19 23 0.71653
411 142 19 22 0.71620
232 79 21 28 0.71495
963 138 18 22 0.71485
247 115 18 24 0.71328
565 104 21 26 0.70436
615 41 21 23 0.70391
114 200 18 22 0.69775
356 175 20 23 0.69666
493 7 17 21 0.69409
786 173 22 27 0.69365
1 183 17 24 0.69157
335 38 21 27 0.68777
246 193 20 24 0.68707
286 135 17 22 0.68467
546 194 16 21 0.68321
179 95 17 23 0.67517
97 242 20 24 0.67432
984 246 22 26 0.67243
158 177 19 23 0.66777
899 25 18 24 0.66741
905 168 21 25 0.66468
527 109 18 25 0.66274
566 133 17 22 0.66244
392 195 36 40 0.65787
889 129 18 23 0.65561
197 1 19 21 0.65118
546 108 18 24 0.64915
432 217 20 27 0.64714
339 104 17 22 0.64609
411 52 19 24 0.64411
487 88 20 24 0.63920
102 172 19 21 0.63015
320 84 20 22 0.62960
979 200 15 20 0.62431
633 195 20 22 0.62050
904 104 18 24 0.61736
781 112 17 20 0.61464
347 3 21 22 0.60439
270 44 20 22 0.60279
46 189 18 20 0.59714
814 109 16 22 0.59575
232 253 27 29 0.59190
437 348 21 31 0.59167
416 2 23 22 0.59001
832 109 16 21 0.58086
857 0 19 22 0.57811
112 137 19 23 0.56699
360 118 17 20 0.56215
455 105 14 17 0.56113
78 150 17 21 0.56055
15 113 16 21 0.55619
271 163 16 19 0.55484
439 162 23 26 0.54988
424 100 18 21 0.54583
153 19 13 15 0.53763
935 166 17 21 0.52659
642 0 17 18 0.52120
232 127 16 20 0.51914
292 94 16 19 0.50354
768 148 18 24 0.50060
408 121 18 20 0.49602
515 146 23 24 0.49318
819 17 16 19 0.48903
589 161 16 19 0.48346
751 186 21 23 0.48275
93 136 16 19 0.46880
32 152 16 20 0.46424
266 25 18 21 0.45238
383 129 14 17 0.44860
732 49 19 21 0.43332
482 358 17 21 0.43314
899 85 19 24 0.41702
856 188 15 19 0.41323
217 158 17 21 0.40398
337 169 19 22 0.39204
945 96 12 17 0.39149
243 152 17 19 0.39105
40 17 18 22 0.38470
202 96 18 24 0.37923
770 208 22 31 0.37655
666 174 20 27 0.35592
897 193 17 22 0.35536
731 123 17 22 0.33628
267 35 21 25 0.33612
282 186 16 19 0.33205
631 179 24 29 0.32954
785 236 30 32 0.32707
925 6 18 20 0.32551
704 144 17 20 0.30434
837 188 17 22 0.30068
188 136 15 19 0.29357
96 9 18 22 0.29310
220 260 20 25 0.28950
188 161 18 20 0.28085
979 158 14 22 0.27343
850 165 19 23 0.26991
90 122 18 21 0.26375
31 124 13 18 0.25899
