36_Football_americanfootball_ball_36_487
86
811 332 20 30 0.65969
792 327 21 26 0.59925
56 303 15 20 0.57021
608 244 12 14 0.56401
525 245 12 15 0.53733
300 289 15 19 0.53603
897 227 11 15 0.52244
203 232 12 16 0.50408
897 269 20 22 0.50149
168 238 12 16 0.50093
717 230 11 14 0.49616
672 238 12 14 0.49557
872 231 10 13 0.48992
583 268 18 21 0.48205
824 209 11 13 0.47664
231 233 13 16 0.47055
697 246 14 16 0.46616
274 198 13 16 0.45626
144 167 13 16 0.44997
630 228 11 14 0.43942
193 173 13 16 0.43371
413 232 10 12 0.43070
767 194 10 12 0.42926
949 117 10 13 0.42318
402 287 14 18 0.42274
463 291 16 18 0.42000
655 180 10 12 0.41793
859 148 10 14 0.41412
114 51 11 13 0.41009
598 137 10 13 0.40849
321 256 9 12 0.40107
292 258 12 14 0.39532
359 274 11 13 0.39214
621 184 10 13 0.39150
513 197 11 14 0.38747
537 111 10 14 0.37594
846 255 10 11 0.36940
12 143 13 17 0.36833
223 253 13 16 0.36722
82 257 12 15 0.36685
47 254 12 16 0.36675
913 54 12 15 0.36399
961 174 9 12 0.36137
417 255 11 14 0.36082
585 220 12 14 0.35827
129 139 10 13 0.34219
554 223 10 13 0.33938
28 232 11 15 0.33329
767 111 10 12 0.33173
789 199 10 14 0.32466
884 164 10 12 0.32458
842 211 10 12 0.31838
114 88 10 13 0.31410
658 206 10 13 0.31287
479 35 9 12 0.30996
703 284 17 19 0.30862
699 186 10 12 0.30779
775 244 11 15 0.30576
169 344 13 17 0.30377
907 188 10 13 0.30252
285 79 10 12 0.29774
489 201 12 14 0.29538
89 221 12 15 0.29530
974 145 11 13 0.29306
7 309 14 19 0.29206
299 105 10 13 0.29143
94 90 10 13 0.28767
7 217 10 14 0.28310
843 2 11 15 0.28287
168 116 13 16 0.28287
742 279 13 16 0.28278
11 65 12 14 0.28271
923 270 15 19 0.28086
838 42 10 12 0.27795
627 6 10 13 0.27688
714 127 10 13 0.27511
885 16 11 13 0.27510
916 164 10 12 0.26786
615 144 10 13 0.26601
686 182 10 13 0.26598
320 185 11 15 0.26163
9 34 11 13 0.25999
872 179 10 13 0.25774
162 16 10 13 0.25620
867 41 10 12 0.25263
58 153 12 15 0.25147
