37_Soccer_soccer_ball_37_114
26
365 160 29 37 0.87724
125 149 28 34 0.87248
136 367 35 42 0.86986
264 362 33 41 0.86926
506 345 31 40 0.86316
757 364 35 43 0.86285
412 242 30 36 0.86206
325 246 32 36 0.86206
892 252 32 39 0.85959
240 259 29 36 0.85855
603 273 30 37 0.85737
740 156 29 36 0.85625
386 349 31 41 0.85451
674 156 28 32 0.85149
500 232 30 38 0.85142
775 255 27 31 0.84856
442 152 28 33 0.84796
832 162 29 34 0.84422
610 156 29 35 0.84403
684 258 28 35 0.84395
644 353 33 43 0.84193
161 260 28 34 0.83995
217 176 30 33 0.83315
292 165 26 32 0.83222
521 157 26 29 0.82299
74 256 27 31 0.78371
