37_Soccer_soccer_ball_37_269
22
265 135 31 36 0.87121
174 120 29 38 0.86332
325 233 30 40 0.84866
740 235 30 36 0.84389
404 124 28 36 0.84282
910 130 29 39 0.83871
548 138 25 35 0.83766
897 232 28 33 0.83640
165 251 32 41 0.83631
242 247 29 36 0.83522
620 135 27 34 0.82896
831 242 30 35 0.82554
413 268 29 36 0.82210
337 134 25 30 0.82053
833 143 24 31 0.81549
662 226 29 39 0.81418
100 135 28 34 0.81359
507 241 34 41 0.81028
687 143 26 35 0.80737
595 246 29 37 0.80661
490 122 29 37 0.77803
768 155 24 26 0.75215
