38_Tennis_Tennis_38_535
42
506 471 23 30 0.82601
713 317 21 27 0.82476
205 432 22 28 0.82284
779 308 20 26 0.82056
431 449 24 30 0.81885
863 325 20 25 0.80747
193 339 20 26 0.80356
478 316 21 25 0.80244
465 264 22 28 0.79756
762 427 21 24 0.79565
657 464 19 27 0.79189
172 277 20 27 0.78573
639 310 23 27 0.78511
578 304 24 32 0.78318
146 305 21 28 0.77804
133 456 22 27 0.77111
44 449 25 30 0.76962
241 285 20 27 0.76797
370 406 21 26 0.76352
231 318 22 27 0.75943
515 423 22 28 0.73833
397 319 20 25 0.73572
459 422 25 30 0.73078
551 470 21 24 0.72165
897 489 23 26 0.71739
376 453 20 23 0.71647
708 417 20 26 0.70415
816 473 21 25 0.69681
648 424 19 23 0.68833
140 412 22 28 0.67994
596 426 20 24 0.67981
329 451 20 25 0.66213
356 312 19 24 0.66017
323 383 21 27 0.65226
290 463 18 23 0.62505
420 314 20 27 0.58824
289 291 20 25 0.50889
507 314 20 25 0.47591
363 516 24 28 0.32127
361 294 13 16 0.27424
435 417 19 24 0.26240
255 319 16 21 0.26230
