38_Tennis_Tennis_38_371
25
477 368 29 39 0.86395
549 372 32 42 0.86252
764 282 29 40 0.85896
172 191 28 32 0.85772
439 302 30 35 0.85534
344 297 28 35 0.85397
569 287 28 38 0.85303
277 202 26 31 0.85101
878 188 26 31 0.84773
664 276 30 41 0.84543
786 196 27 34 0.84453
443 213 27 33 0.84437
129 200 25 31 0.84315
696 194 27 29 0.84203
233 199 22 29 0.84066
491 203 23 27 0.83912
380 212 25 31 0.83761
654 198 24 27 0.83663
731 188 22 28 0.83350
566 195 25 29 0.82624
612 220 24 29 0.82441
324 206 22 27 0.82275
412 205 24 29 0.81507
816 192 21 25 0.80329
527 214 24 29 0.79855
