39_Ice_Skating_Ice_Skating_39_1047
28
746 144 60 75 0.88544
245 111 56 71 0.85661
877 174 27 33 0.84381
813 74 24 31 0.83678
498 198 22 29 0.82420
458 160 21 27 0.82171
181 21 19 23 0.81837
832 145 23 30 0.81824
723 81 23 27 0.81636
242 18 19 26 0.81503
590 195 23 29 0.81247
944 6 18 23 0.80206
938 72 23 29 0.79994
671 1 21 23 0.79988
881 40 20 26 0.79512
736 3 23 29 0.79350
60 24 18 22 0.79325
527 175 21 26 0.78336
531 131 19 25 0.76884
602 132 18 23 0.75699
968 193 25 29 0.75103
125 24 17 21 0.74632
9 15 18 23 0.74114
307 18 19 23 0.74095
808 29 17 20 0.66857
1010 79 13 24 0.63740
880 10 20 23 0.61937
943 150 20 28 0.44703
