39_Ice_Skating_Ice_Skating_39_992
40
422 18 53 68 0.87868
169 275 51 63 0.87134
955 578 56 68 0.87132
824 479 48 60 0.86927
745 1 55 59 0.86844
535 722 73 89 0.86668
294 846 60 74 0.86403
937 248 47 63 0.85478
728 733 58 70 0.85426
834 123 54 70 0.85281
803 251 48 61 0.84734
777 605 59 67 0.84705
117 41 51 66 0.84466
157 806 52 69 0.84197
307 254 59 77 0.84039
383 381 47 61 0.83917
382 138 51 60 0.82631
905 26 43 57 0.82509
664 469 59 75 0.82083
612 266 49 61 0.81836
8 638 59 65 0.81660
24 383 51 55 0.80981
462 266 47 54 0.80284
281 675 71 88 0.80121
331 472 59 71 0.77602
728 369 51 62 0.76882
285 55 44 49 0.76001
900 710 52 65 0.75976
567 369 51 59 0.75612
991 460 39 62 0.75043
212 619 51 61 0.74656
289 426 37 59 0.66280
215 169 55 69 0.62603
471 148 60 63 0.60162
727 336 47 52 0.56924
995 121 35 73 0.55328
0 534 26 85 0.34869
517 7 43 45 0.27700
0 44 19 65 0.27006
184 448 47 47 0.25810
