3_Riot_Riot_3_26
54
230 356 37 47 0.86556
251 229 31 36 0.83807
205 208 30 38 0.83555
846 34 28 32 0.83324
359 73 27 30 0.83301
658 62 26 34 0.82828
296 51 26 30 0.82466
193 45 21 28 0.81299
250 92 24 29 0.80846
274 352 33 42 0.80817
937 163 26 34 0.80613
717 391 32 45 0.80519
790 63 26 30 0.80219
853 387 27 41 0.79745
817 9 25 31 0.77771
986 186 30 36 0.77531
464 75 26 30 0.76923
673 227 30 33 0.76776
359 222 28 33 0.76733
325 357 29 41 0.76395
420 370 34 47 0.76150
414 349 35 42 0.73690
671 349 40 44 0.73289
894 47 24 29 0.73112
14 101 28 30 0.72765
939 0 26 26 0.72709
759 35 28 32 0.71618
897 155 28 33 0.70943
974 17 24 28 0.69629
1000 41 21 31 0.69480
786 214 28 33 0.68761
336 425 24 37 0.67606
465 208 33 36 0.67346
726 353 34 48 0.67194
252 331 33 40 0.64772
646 210 23 26 0.62873
95 359 24 36 0.62308
645 -1 25 22 0.61727
52 193 27 33 0.58793
427 214 27 32 0.58104
889 239 35 39 0.55746
277 206 28 34 0.53368
555 238 29 32 0.53365
940 407 30 41 0.52459
536 98 21 25 0.46156
866 339 40 44 0.37963
783 367 27 35 0.36347
531 212 28 33 0.36179
203 435 26 41 0.33315
792 342 22 29 0.33269
507 74 25 30 0.31825
191 328 30 38 0.29481
790 451 15 29 0.25877
731 487 22 38 0.25303
