3_Riot_Riot_3_542
48
172 259 20 27 0.80403
195 333 34 38 0.76153
455 399 23 35 0.72643
228 257 18 21 0.71921
139 256 20 23 0.71763
806 272 13 17 0.70965
103 256 17 21 0.70121
71 265 22 25 0.68769
942 265 21 24 0.67784
308 273 18 20 0.67024
767 260 14 17 0.64894
896 267 16 18 0.64457
961 140 10 12 0.63129
696 275 13 16 0.61888
744 272 12 15 0.58883
360 263 14 18 0.56331
720 256 13 16 0.56021
629 268 12 14 0.54917
791 257 14 17 0.52117
865 155 10 12 0.51303
828 262 12 15 0.51079
455 259 14 18 0.48703
594 258 10 14 0.48319
897 244 9 11 0.47988
296 255 10 13 0.47043
477 246 11 14 0.45567
760 258 14 17 0.43764
399 274 11 15 0.43020
578 259 10 13 0.42964
18 188 9 12 0.41655
334 242 10 13 0.41509
123 256 14 19 0.40793
418 270 12 15 0.38934
842 273 15 17 0.38846
849 245 14 18 0.38616
420 249 10 14 0.36962
396 246 9 12 0.33520
3 261 18 26 0.33447
669 256 10 13 0.30615
949 236 13 15 0.30202
481 270 14 16 0.29785
341 261 12 15 0.29395
495 245 11 14 0.28534
38 222 16 18 0.27572
687 256 10 12 0.27361
927 318 21 26 0.27343
508 252 11 13 0.26316
73 179 13 14 0.25973
