3_Riot_Riot_3_137
28
61 383 39 46 0.87696
922 348 59 69 0.87480
107 410 37 45 0.86696
270 364 43 48 0.86554
487 325 42 52 0.86462
332 387 55 65 0.85491
654 357 53 60 0.77945
973 323 25 33 0.75542
923 315 30 33 0.74827
403 336 34 47 0.73863
788 317 18 27 0.57898
892 324 22 28 0.54826
141 406 27 43 0.54092
349 326 19 23 0.48377
387 341 15 22 0.40014
993 277 9 12 0.38106
674 303 12 15 0.35579
29 355 21 27 0.33350
960 312 17 21 0.33323
789 297 15 18 0.32283
463 312 13 16 0.31169
335 325 15 19 0.30436
547 305 11 14 0.29167
547 310 12 14 0.29077
151 333 8 11 0.27400
778 317 18 25 0.26567
398 301 8 11 0.26100
547 315 12 16 0.25909
