3_Riot_Riot_3_958
31
236 11 27 35 0.86707
136 4 27 33 0.85072
54 23 24 31 0.83309
13 9 39 45 0.83227
402 22 37 50 0.80810
109 30 26 34 0.80349
372 35 25 32 0.80014
521 44 28 35 0.80004
923 76 24 31 0.78577
70 4 25 29 0.78000
861 18 37 46 0.77225
569 111 51 67 0.73292
775 39 31 37 0.71553
666 57 19 24 0.69564
314 40 16 22 0.69422
336 39 17 23 0.65915
951 56 24 36 0.65913
208 28 20 24 0.64533
711 32 22 30 0.64259
60 17 23 28 0.63550
770 41 21 30 0.61685
500 32 17 22 0.61316
825 50 21 24 0.51390
606 47 17 22 0.46079
183 22 16 19 0.45111
972 18 18 25 0.43426
485 48 14 20 0.42758
-1 20 12 30 0.40641
289 37 16 22 0.36295
459 34 20 33 0.33691
962 17 21 27 0.31749
