3_Riot_Riot_3_199
43
84 157 18 24 0.74259
981 332 26 39 0.73841
895 190 18 21 0.73727
957 182 18 20 0.69114
197 234 23 29 0.68681
66 290 35 57 0.68623
431 320 28 35 0.68619
858 254 21 31 0.68355
331 182 17 20 0.68263
922 193 16 20 0.68209
115 121 13 15 0.65564
607 172 15 18 0.61914
396 195 22 25 0.61382
93 91 12 15 0.61364
854 202 16 22 0.59617
845 175 13 17 0.55826
815 188 18 22 0.55610
1011 189 12 22 0.53750
529 185 17 20 0.53685
484 278 22 27 0.53632
975 196 15 19 0.52537
62 113 12 14 0.50436
773 185 12 16 0.48496
537 141 10 13 0.47878
882 167 13 16 0.47028
308 176 12 17 0.44635
978 190 16 23 0.41235
794 172 15 18 0.40528
755 175 12 15 0.40126
719 183 12 15 0.39607
662 174 11 15 0.39263
826 165 11 14 0.38882
31 327 44 41 0.37162
782 227 18 24 0.36747
411 156 13 16 0.32294
162 175 13 15 0.30536
718 168 10 11 0.30303
392 111 8 10 0.29750
138 251 28 44 0.29058
500 336 35 56 0.28231
25 55 7 9 0.27192
121 268 32 48 0.26203
899 220 14 19 0.26130
