40_Gymnastics_Gymnastics_40_593
31
302 184 43 58 0.86917
939 299 39 51 0.86559
171 263 42 52 0.86174
544 182 41 55 0.86107
629 204 39 53 0.85571
752 195 38 51 0.85455
419 208 39 51 0.85176
843 256 38 50 0.85061
71 292 37 45 0.84111
36 246 46 52 0.81373
112 116 17 24 0.63061
557 132 23 28 0.60714
16 107 22 31 0.58918
23 46 22 32 0.54941
167 137 19 26 0.54259
101 41 19 25 0.51416
945 255 20 24 0.45531
868 192 17 22 0.41487
82 178 30 39 0.41268
625 155 29 41 0.40576
16 217 19 23 0.39075
706 98 25 31 0.38971
410 67 20 23 0.37297
142 234 21 27 0.36927
90 165 25 30 0.36888
73 233 20 26 0.36762
948 119 17 22 0.35370
230 253 20 27 0.34676
910 28 17 22 0.32233
0 266 18 27 0.30970
550 82 38 45 0.28253
