40_Gymnastics_Gymnastics_40_492
28
471 151 37 50 0.87708
556 132 40 49 0.85534
653 125 41 51 0.85492
359 151 41 53 0.84987
307 7 25 33 0.84772
547 45 25 34 0.82537
508 55 25 32 0.82079
379 0 21 25 0.77691
485 65 22 29 0.77389
468 78 19 27 0.71195
37 3 20 27 0.70497
209 17 23 31 0.69205
586 79 25 29 0.65903
269 18 21 27 0.63570
339 -1 31 24 0.61020
452 -1 19 20 0.58317
166 20 18 24 0.54321
299 49 25 31 0.53082
364 77 20 27 0.49367
413 -1 18 20 0.49288
402 22 22 25 0.46600
447 107 20 26 0.38971
478 71 22 28 0.36290
378 70 19 24 0.35053
308 77 20 28 0.33591
385 69 15 18 0.32845
258 8 25 31 0.30993
424 81 16 19 0.27587
