40_Gymnastics_Gymnastics_40_887
23
384 290 48 59 0.88916
522 381 56 67 0.87969
623 134 47 51 0.87966
98 148 43 56 0.87962
552 63 43 56 0.87825
136 400 51 65 0.87734
215 137 45 56 0.87677
745 100 45 57 0.87650
482 139 51 55 0.87551
808 269 48 61 0.87466
686 42 45 56 0.87289
106 277 46 63 0.87281
873 107 48 62 0.87251
250 276 46 63 0.86894
521 271 50 65 0.86846
359 148 47 58 0.86638
759 377 55 64 0.86012
314 73 45 58 0.85817
660 276 55 58 0.85812
331 402 50 61 0.85472
432 80 45 58 0.85213
188 85 40 51 0.84614
838 61 45 51 0.81305
