40_Gymnastics_Gymnastics_40_273
24
793 124 32 40 0.88179
99 112 35 43 0.88172
317 68 29 38 0.88012
755 66 30 39 0.87798
180 229 37 45 0.87555
591 126 32 40 0.87176
693 125 34 42 0.86850
487 62 29 38 0.86784
827 232 37 47 0.86562
894 128 33 40 0.86404
490 126 34 41 0.86363
390 121 32 42 0.86316
823 57 31 40 0.86065
148 69 28 36 0.85865
488 259 35 46 0.85655
407 77 30 39 0.85520
298 128 35 43 0.85338
233 65 27 37 0.85220
671 249 35 44 0.85050
201 126 31 39 0.84955
375 231 36 47 0.84849
673 72 29 38 0.84835
581 76 27 36 0.84629
551 276 33 42 0.84518
