40_Gymnastics_Gymnastics_40_891
27
260 280 29 36 0.86949
387 482 29 35 0.86285
322 295 29 35 0.85485
677 490 31 38 0.85424
450 303 28 34 0.85353
184 310 29 36 0.85298
520 480 30 38 0.85121
606 391 30 38 0.85029
677 394 29 38 0.85016
123 299 29 37 0.85010
457 479 28 34 0.85000
478 387 28 33 0.84970
70 306 31 40 0.84821
581 322 26 32 0.84817
607 486 29 37 0.84667
547 380 29 37 0.84638
697 338 28 34 0.84568
873 352 31 38 0.84516
522 304 28 35 0.84361
381 290 28 34 0.83866
738 500 32 38 0.83851
921 360 31 39 0.83705
761 334 28 34 0.83075
670 283 28 36 0.82832
762 414 31 33 0.82358
843 348 27 32 0.80522
825 338 23 31 0.74519
