44_Aerobics_Aerobics_44_332
22
427 304 29 35 0.83793
122 300 14 19 0.75063
548 305 15 23 0.74745
20 295 15 17 0.73982
702 306 21 29 0.73067
177 305 23 27 0.72261
209 297 16 20 0.69737
986 303 13 16 0.64399
74 300 11 13 0.64348
242 288 15 20 0.63064
384 304 14 20 0.62285
869 302 11 14 0.61983
396 300 14 20 0.61660
298 305 11 15 0.60729
832 303 18 22 0.60696
334 292 8 10 0.51714
750 306 14 19 0.49980
768 295 10 13 0.49126
656 300 10 13 0.47724
937 320 12 17 0.35077
51 307 8 11 0.33045
533 285 13 16 0.30494
