45_Balloonist_Balloonist_45_838
36
726 372 37 48 0.88116
608 377 39 50 0.88110
125 369 37 50 0.87818
234 383 42 51 0.86769
460 381 33 45 0.86725
907 361 34 39 0.86654
787 314 30 38 0.85878
185 310 35 39 0.85768
832 353 36 41 0.84397
538 237 27 35 0.84167
277 332 31 39 0.83808
491 350 31 37 0.83716
526 386 31 38 0.83012
488 285 27 35 0.82674
591 239 23 30 0.81918
642 347 29 35 0.81149
462 222 31 37 0.80902
191 384 31 38 0.80822
181 243 33 43 0.80510
691 226 25 32 0.80368
840 306 30 31 0.79868
459 283 26 31 0.79184
281 301 28 30 0.79068
652 252 29 31 0.78738
278 214 26 31 0.78504
352 392 34 40 0.78340
408 350 28 36 0.77430
712 340 28 35 0.75230
762 283 29 31 0.74970
732 237 23 28 0.72837
34 222 19 23 0.72306
818 237 29 35 0.71350
569 371 27 32 0.43799
855 278 26 31 0.35313
241 344 25 28 0.26664
280 318 33 41 0.25678
