47_Matador_Bullfighter_Matador_Bullfighter_47_912
47
775 5 26 32 0.82454
842 56 29 38 0.79785
773 122 32 37 0.78954
916 1 32 37 0.78315
630 112 22 32 0.77429
847 119 32 41 0.77373
738 11 20 24 0.76466
730 62 27 31 0.75335
565 3 19 22 0.74920
602 100 21 27 0.72050
683 57 23 26 0.71839
510 16 21 23 0.71192
434 26 19 24 0.70920
657 6 18 21 0.70390
879 114 41 55 0.70300
180 44 17 20 0.69416
235 19 17 20 0.69021
595 46 20 24 0.68629
731 302 44 63 0.67476
325 95 23 28 0.67274
630 18 19 24 0.66824
481 18 17 21 0.65606
92 35 17 20 0.64837
686 25 22 23 0.63787
120 20 15 18 0.63351
716 122 28 32 0.62093
549 58 17 20 0.61899
379 31 20 25 0.60799
595 166 23 28 0.57550
32 19 14 18 0.57512
244 174 25 38 0.52680
910 64 31 38 0.52537
367 100 21 26 0.48838
59 13 15 19 0.48128
950 414 36 79 0.43133
496 103 21 24 0.42916
344 49 15 19 0.41691
1 26 13 17 0.40289
380 20 21 26 0.40143
982 35 40 65 0.39198
848 343 38 53 0.37657
100 304 30 58 0.32687
834 217 36 52 0.30791
817 -1 22 21 0.30771
275 3 15 18 0.30207
984 254 39 69 0.27827
860 23 19 23 0.26863
