47_Matador_Bullfighter_matadorbullfighting_47_236
31
391 275 90 105 0.86580
715 105 21 27 0.77044
153 135 20 24 0.69585
829 128 23 25 0.69457
110 194 21 26 0.69305
346 197 22 25 0.66629
678 42 16 20 0.66009
265 202 19 23 0.65654
386 137 19 23 0.63595
749 48 15 18 0.63055
790 114 18 23 0.60232
66 194 19 24 0.59365
280 123 16 20 0.59150
85 107 18 23 0.58436
989 97 21 27 0.54508
34 187 19 23 0.54377
591 130 17 21 0.52519
601 190 18 23 0.49792
418 126 15 20 0.47281
388 192 23 28 0.46013
547 203 18 22 0.45501
437 128 15 19 0.41715
726 178 17 21 0.40655
943 52 15 19 0.40392
206 310 38 39 0.39692
159 177 16 21 0.38655
122 174 18 21 0.38116
974 41 15 18 0.32757
266 72 13 16 0.32725
232 202 17 21 0.26934
127 180 17 22 0.25068
