47_Matador_Bullfighter_matadorbullfighting_47_731
89
576 138 21 25 0.74421
424 171 18 21 0.71777
680 115 12 16 0.61219
998 129 12 15 0.58890
834 111 11 13 0.56867
326 143 12 15 0.56603
913 111 11 15 0.56388
389 149 11 14 0.53306
360 117 10 12 0.52377
907 132 11 15 0.52147
923 90 11 14 0.51639
444 67 11 13 0.49995
949 113 13 16 0.49202
304 135 11 13 0.47545
563 121 11 14 0.47177
621 130 12 15 0.46424
872 112 11 13 0.46241
28 152 11 14 0.45217
486 113 10 14 0.45066
143 132 11 14 0.44535
310 18 11 14 0.43549
645 120 10 13 0.42929
871 94 10 13 0.42046
404 133 13 15 0.41864
104 137 11 13 0.41601
38 127 12 15 0.41461
309 75 9 12 0.40211
522 126 10 13 0.39813
514 71 10 14 0.39574
766 126 11 13 0.39127
406 111 11 14 0.38736
190 139 10 14 0.37689
781 138 10 12 0.37405
720 130 11 14 0.37374
264 136 10 13 0.37248
801 116 10 12 0.37192
755 88 10 13 0.37029
396 61 10 13 0.36710
2 148 12 15 0.36601
165 159 11 13 0.35845
890 104 10 13 0.35687
153 101 11 13 0.35393
544 111 11 14 0.35359
410 153 12 15 0.34809
664 42 10 13 0.34708
625 109 12 14 0.34529
461 147 11 14 0.34515
494 65 11 14 0.34454
9 116 11 14 0.34117
767 99 11 13 0.33476
86 100 11 14 0.33315
279 142 11 14 0.32679
63 116 11 14 0.32576
265 91 12 14 0.32095
974 140 12 15 0.31888
836 87 10 12 0.31723
209 102 10 13 0.31438
204 80 10 12 0.31369
714 109 10 13 0.30823
197 161 10 12 0.30715
986 105 12 14 0.30611
493 111 12 14 0.30406
597 105 10 12 0.30292
679 90 11 12 0.30251
182 90 10 12 0.30077
830 53 9 11 0.29969
73 151 10 13 0.29927
58 21 11 13 0.29327
123 143 11 12 0.29244
588 85 10 13 0.29215
616 26 9 10 0.29074
560 81 9 13 0.29001
881 129 11 14 0.28609
476 69 10 13 0.28569
402 33 10 13 0.28472
22 136 11 14 0.27769
642 26 9 12 0.27379
611 47 9 13 0.27307
860 77 9 11 0.27008
452 119 11 13 0.26791
524 150 11 15 0.26565
483 50 9 11 0.26346
783 81 10 12 0.26235
654 12 10 12 0.26078
126 103 9 11 0.25713
274 10 9 13 0.25680
449 142 10 12 0.25460
858 130 11 13 0.25376
142 79 11 12 0.25156
