48_Parachutist_Paratrooper_Parachutist_Paratrooper_48_1015
31
629 347 38 44 0.83442
676 347 43 49 0.82946
93 130 44 58 0.82287
455 221 24 28 0.81521
344 213 22 26 0.79441
328 387 37 41 0.78649
859 318 51 58 0.78479
219 405 35 37 0.77623
633 210 20 24 0.77555
851 207 22 26 0.77397
982 302 39 51 0.76846
967 192 21 25 0.76836
554 358 38 40 0.75746
279 263 22 28 0.74797
464 363 37 44 0.74616
570 223 20 25 0.71981
179 381 28 35 0.71436
959 309 27 40 0.71045
545 238 23 28 0.69695
239 273 20 23 0.66786
923 319 32 46 0.65658
221 244 23 29 0.65459
710 227 18 21 0.64488
763 213 20 23 0.64141
5 278 16 20 0.55711
786 214 15 21 0.55550
602 247 15 18 0.42319
795 335 37 35 0.35942
784 363 47 41 0.32806
962 454 34 35 0.32801
510 241 20 23 0.30083
