48_Parachutist_Paratrooper_Parachutist_Paratrooper_48_72
33
95 325 28 31 0.79706
55 321 24 26 0.79186
614 325 26 29 0.78769
334 282 22 27 0.77670
171 291 31 33 0.76451
253 276 25 32 0.75191
455 305 20 23 0.74913
765 302 17 21 0.73087
19 308 22 25 0.71224
865 300 15 18 0.69279
707 283 15 20 0.67129
481 294 21 26 0.62080
841 297 10 13 0.60563
954 306 12 15 0.59916
536 287 15 19 0.59425
403 286 22 29 0.57086
808 296 12 15 0.52931
992 317 13 15 0.52310
896 304 10 14 0.48318
935 299 12 16 0.43459
0 316 12 21 0.41260
825 316 13 16 0.41203
47 303 15 18 0.37891
748 293 14 18 0.36764
791 296 12 16 0.35505
911 317 13 16 0.32781
278 294 18 24 0.31757
199 297 23 28 0.31257
973 309 10 14 0.29266
600 292 16 19 0.28687
472 299 20 24 0.27599
568 272 12 15 0.26599
1011 304 10 14 0.26599
