4_Dancing_Dancing_4_489
38
602 213 46 60 0.89328
779 238 46 58 0.89121
706 284 41 53 0.88822
669 100 43 57 0.88696
128 116 42 53 0.88089
186 78 43 55 0.87966
531 60 39 52 0.87840
421 59 40 52 0.87791
296 66 40 51 0.87729
829 109 41 50 0.87466
277 242 43 57 0.87438
908 46 36 43 0.87404
400 125 42 53 0.87341
807 22 32 40 0.87213
541 231 42 54 0.87197
887 103 37 43 0.87136
174 239 51 65 0.87044
395 242 43 52 0.86728
616 78 39 50 0.86599
482 105 41 52 0.86538
749 108 42 50 0.86341
253 135 42 51 0.86292
915 137 39 49 0.85745
346 83 35 44 0.84976
688 31 40 47 0.84874
759 43 30 38 0.80789
23 17 17 22 0.78745
938 9 20 25 0.77364
164 23 16 19 0.76164
901 2 16 22 0.74369
873 26 16 19 0.71737
62 34 16 18 0.67760
981 20 17 20 0.67606
108 23 16 19 0.66633
849 4 14 18 0.63002
83 24 16 19 0.61430
50 21 13 17 0.60177
57 26 14 19 0.34949
