4_Dancing_Dancing_4_319
31
594 0 34 37 0.86815
410 73 30 39 0.86808
551 34 34 41 0.86300
732 52 33 43 0.86174
343 44 31 40 0.85585
214 158 35 42 0.84897
963 80 39 47 0.84398
148 61 31 40 0.84275
486 59 33 41 0.83575
81 68 53 56 0.82093
1 15 25 35 0.81631
954 26 31 39 0.81409
687 61 27 37 0.81327
198 89 26 32 0.80945
444 141 27 33 0.79799
616 139 50 55 0.77615
320 8 25 32 0.76807
448 52 32 35 0.76427
211 28 22 24 0.75932
656 52 27 38 0.74234
192 55 30 34 0.71819
328 245 34 42 0.70757
710 33 30 43 0.64616
305 45 31 35 0.63727
428 48 24 33 0.57594
748 475 83 61 0.55599
273 41 23 33 0.47440
248 90 27 28 0.47346
429 45 18 24 0.35763
232 85 17 22 0.34873
280 39 27 37 0.28603
