50_Celebration_Or_Party_houseparty_50_432
45
718 39 52 76 0.87601
719 839 39 49 0.87463
566 827 31 38 0.87081
629 75 38 50 0.85378
512 842 35 45 0.85223
629 826 30 39 0.85080
336 284 29 41 0.84168
402 602 24 33 0.84098
469 319 25 35 0.82836
252 613 23 36 0.82604
417 63 27 37 0.82079
313 615 25 31 0.81985
618 279 21 28 0.81255
694 272 22 32 0.79548
393 319 18 24 0.77864
500 71 36 63 0.76706
253 318 16 26 0.76290
313 57 25 38 0.75183
540 290 21 31 0.72289
567 86 21 34 0.72096
375 56 18 25 0.70806
148 565 13 18 0.70703
987 319 12 16 0.68111
355 78 18 24 0.67867
888 351 10 13 0.67735
832 326 16 19 0.65781
294 871 14 21 0.60388
477 589 21 31 0.59743
11 825 14 16 0.58631
144 852 11 14 0.58082
182 100 8 10 0.54784
493 61 15 20 0.47940
128 101 8 11 0.47349
739 603 9 12 0.46521
158 97 9 11 0.45334
105 99 8 12 0.45283
396 864 9 12 0.43060
653 607 8 9 0.42981
411 865 8 11 0.38340
178 564 10 13 0.36406
673 605 8 9 0.35110
345 869 9 11 0.34758
624 601 8 10 0.33394
446 74 25 34 0.32976
474 861 9 11 0.25925
