50_Celebration_Or_Party_houseparty_50_609
47
287 243 44 57 0.89202
216 348 64 80 0.87145
143 258 41 48 0.85757
213 214 32 45 0.83383
889 175 21 26 0.79813
844 193 24 29 0.75804
800 212 20 28 0.74001
128 235 33 42 0.73524
413 232 27 39 0.73367
472 180 25 33 0.72733
993 256 30 53 0.70891
995 121 14 18 0.69030
86 221 22 36 0.67197
772 188 18 28 0.66440
599 257 28 43 0.65526
224 193 21 26 0.64365
636 168 13 18 0.61576
819 165 13 17 0.59503
310 318 46 76 0.57421
833 171 14 18 0.57379
81 344 33 57 0.57067
676 192 18 30 0.56063
871 170 15 20 0.51714
189 179 17 21 0.49611
930 128 11 15 0.48452
785 156 15 18 0.43870
532 124 9 11 0.43689
770 133 11 15 0.42706
712 191 16 21 0.41593
443 165 16 20 0.39392
266 183 18 22 0.38851
655 257 25 29 0.38535
183 217 18 25 0.38092
483 128 9 12 0.38016
540 272 39 56 0.37732
832 135 10 13 0.36053
174 166 12 17 0.34420
139 199 16 20 0.34343
144 223 25 31 0.32640
857 225 22 31 0.31219
359 173 17 22 0.30834
271 185 23 27 0.30654
587 169 13 17 0.29137
880 153 11 14 0.26563
974 232 18 25 0.26178
804 123 11 13 0.25273
948 208 23 27 0.25212
