54_Rescue_rescuepeople_54_431
44
569 460 32 42 0.84918
521 516 36 43 0.83708
368 393 39 51 0.81150
756 455 31 35 0.81059
783 521 34 39 0.80029
533 381 22 29 0.79801
872 420 39 44 0.79784
674 396 26 35 0.79396
88 314 76 80 0.77737
598 357 19 26 0.75533
663 358 23 27 0.72934
820 378 28 31 0.72068
625 552 39 47 0.71799
740 403 24 30 0.71144
606 317 18 22 0.70434
466 324 27 35 0.67385
776 329 22 24 0.65924
751 299 15 19 0.63848
483 213 20 25 0.62725
554 192 16 19 0.62135
692 314 18 21 0.58865
421 232 20 26 0.58388
601 286 14 19 0.52701
298 280 18 21 0.51544
886 517 37 37 0.51544
270 322 19 24 0.50075
310 352 21 25 0.49965
510 171 13 18 0.49789
572 316 21 24 0.47722
380 208 14 18 0.43834
210 288 19 21 0.43757
319 192 13 16 0.42249
654 277 14 17 0.41166
686 293 13 17 0.39781
665 453 24 28 0.39316
377 256 18 21 0.38138
348 186 13 17 0.36283
281 188 10 13 0.33972
315 195 13 16 0.33700
729 451 19 26 0.30776
475 183 9 11 0.29679
471 183 9 12 0.26717
632 277 11 14 0.26154
332 208 15 20 0.25127
