54_Rescue_rescuepeople_54_581
68
538 317 10 14 0.68663
169 352 11 13 0.67312
91 337 11 12 0.64297
973 422 10 13 0.63235
625 186 9 13 0.62960
506 181 9 12 0.62156
965 309 9 12 0.61354
316 339 10 12 0.61263
885 312 10 12 0.60909
907 370 10 12 0.60693
690 374 9 12 0.60690
194 183 10 12 0.59568
287 191 9 11 0.59518
263 331 10 13 0.59178
59 349 9 12 0.59157
882 196 10 11 0.59006
539 368 9 11 0.58500
213 331 10 13 0.57653
841 368 9 13 0.57467
598 356 10 12 0.56835
851 182 10 13 0.56501
748 198 9 12 0.56375
436 182 8 10 0.56203
692 192 9 11 0.54982
654 198 8 11 0.53840
107 193 9 12 0.53191
234 195 8 12 0.52384
482 316 10 13 0.51911
816 367 9 12 0.50666
421 330 11 13 0.50282
374 354 11 14 0.48855
209 202 8 11 0.48182
803 192 10 11 0.47497
36 185 9 12 0.45463
742 371 9 11 0.45340
875 376 10 12 0.45244
937 195 9 11 0.45142
792 364 9 11 0.44243
642 367 9 12 0.44185
323 197 7 9 0.42074
919 316 9 11 0.41761
1012 372 10 14 0.40980
307 193 7 9 0.40899
407 180 8 10 0.40796
117 386 8 10 0.40580
481 355 10 12 0.39980
4 334 10 13 0.39731
360 343 9 12 0.39173
454 191 9 10 0.38847
886 352 11 15 0.38753
816 182 9 13 0.38584
110 221 8 10 0.37301
396 176 8 10 0.35146
384 189 9 11 0.35118
99 358 8 10 0.33639
242 336 9 10 0.33091
908 205 8 10 0.32852
482 179 8 9 0.29686
549 181 7 9 0.29589
701 356 8 10 0.29467
413 353 9 12 0.29417
960 194 9 11 0.28700
970 189 8 10 0.27546
11 189 8 10 0.27464
361 358 8 12 0.27436
98 354 8 10 0.26745
474 194 8 10 0.25986
426 206 8 11 0.25537
