55_Sports_Coach_Trainer_sportcoaching_55_774
21
793 273 61 84 0.88446
847 63 54 77 0.86836
444 171 24 32 0.85414
126 262 39 54 0.83807
601 145 29 36 0.81864
660 102 23 32 0.81264
518 296 42 45 0.80128
474 197 28 36 0.79691
752 127 57 80 0.76836
364 185 23 27 0.72213
329 79 20 22 0.70823
384 5 14 18 0.63009
419 40 14 17 0.61552
381 71 19 23 0.58410
489 121 21 23 0.50961
486 171 21 25 0.46058
409 12 13 16 0.37841
419 108 17 21 0.35928
348 101 17 22 0.31804
673 11 12 15 0.28552
370 42 14 18 0.26634
