55_Sports_Coach_Trainer_sportcoaching_55_789
23
270 227 48 65 0.89239
730 330 42 63 0.88686
145 214 48 72 0.88536
452 244 45 63 0.88375
66 242 44 58 0.88216
630 281 44 55 0.87688
231 187 41 56 0.87598
928 329 45 59 0.86665
760 167 43 63 0.86557
919 157 45 65 0.86465
589 218 39 54 0.86402
673 198 39 59 0.86379
541 258 42 54 0.86331
88 173 40 52 0.85559
325 129 37 56 0.85477
465 158 41 58 0.85424
823 324 39 51 0.85136
366 284 41 59 0.84305
388 222 44 61 0.84104
198 147 37 44 0.83121
614 116 39 56 0.82973
422 124 37 51 0.82344
49 124 42 59 0.80333
