55_Sports_Coach_Trainer_sportcoaching_55_122
31
872 392 36 49 0.86309
724 371 40 49 0.85978
58 374 34 41 0.85203
812 271 30 39 0.83809
101 278 30 37 0.83441
343 286 29 39 0.82885
182 281 27 32 0.82009
19 250 32 38 0.81060
36 170 29 38 0.80971
563 299 29 37 0.80726
259 271 27 37 0.79370
865 302 29 35 0.78846
966 222 35 40 0.78698
526 290 26 31 0.76502
24 217 28 34 0.74984
359 244 25 32 0.72814
456 312 27 31 0.71802
387 266 21 29 0.66805
736 275 28 35 0.65698
734 227 32 40 0.65169
629 266 26 36 0.64803
665 305 26 31 0.63646
697 277 24 36 0.59127
466 241 20 26 0.49575
524 259 23 25 0.47662
769 263 34 43 0.45129
602 258 23 31 0.43442
287 268 19 26 0.34190
875 230 32 38 0.33344
137 193 18 24 0.30407
246 257 16 20 0.28210
