56_Voter_peoplevoting_56_410
36
470 434 17 20 0.74039
270 468 17 21 0.73179
551 446 14 18 0.71972
176 433 18 22 0.71775
743 477 17 20 0.71208
121 452 17 20 0.70344
31 419 21 29 0.69347
492 446 15 18 0.68784
418 430 22 26 0.68300
322 441 14 19 0.67719
692 476 17 21 0.65528
616 464 17 20 0.64694
827 429 19 23 0.62401
525 424 14 18 0.57694
214 461 16 20 0.57339
936 424 15 19 0.57163
284 442 15 19 0.56912
56 444 19 23 0.55915
367 437 15 18 0.55510
193 421 18 22 0.53138
961 442 16 20 0.52192
284 422 18 21 0.47973
986 437 15 18 0.46934
584 425 12 15 0.42375
817 467 16 17 0.40684
85 434 13 17 0.38357
643 460 15 18 0.38204
283 431 18 22 0.38180
934 457 19 24 0.37374
237 455 14 18 0.34929
319 412 15 17 0.33195
185 429 17 22 0.32443
587 465 11 15 0.31087
227 433 16 18 0.31011
892 469 16 19 0.29810
894 427 17 23 0.26360
