56_Voter_peoplevoting_56_874
30
968 252 52 71 0.80994
37 336 20 25 0.80649
664 253 27 32 0.80482
241 395 40 50 0.77335
88 340 26 30 0.77019
12 298 18 22 0.76898
138 353 25 30 0.71474
780 292 42 64 0.71406
690 458 67 132 0.70740
512 277 21 28 0.68969
564 298 25 31 0.67916
66 284 14 18 0.67278
358 281 14 17 0.66641
155 392 23 33 0.66558
463 367 79 101 0.65659
594 331 31 35 0.64876
192 258 13 15 0.64215
334 256 14 17 0.62906
964 223 36 44 0.57264
404 272 13 16 0.57197
368 255 11 13 0.52424
158 425 35 51 0.51143
158 284 11 15 0.49672
453 288 19 22 0.45030
532 309 19 24 0.44837
113 299 11 14 0.42374
333 230 9 11 0.30764
549 316 18 25 0.30268
409 245 10 12 0.27463
397 223 8 10 0.26719
