56_Voter_peoplevoting_56_268
30
243 277 34 41 0.82373
742 226 26 35 0.80616
864 232 21 28 0.77157
807 218 23 30 0.74222
394 252 28 39 0.72608
663 219 25 34 0.72327
632 193 17 20 0.69903
137 217 23 26 0.68989
335 236 17 22 0.68471
475 222 22 25 0.67112
514 214 16 19 0.65833
594 208 13 17 0.64331
261 225 20 24 0.61363
370 180 11 14 0.56720
25 182 13 15 0.56179
411 196 12 15 0.56070
413 228 19 22 0.55665
302 212 15 18 0.54580
127 192 11 14 0.53257
956 207 17 24 0.51608
357 202 12 14 0.47530
112 185 10 13 0.47457
565 184 9 12 0.43551
677 194 15 21 0.43452
392 184 12 17 0.43388
75 185 11 14 0.40365
572 228 18 28 0.32798
280 180 12 16 0.31583
357 225 14 19 0.29189
223 204 16 20 0.27285
