56_Voter_peoplevoting_56_122
25
686 45 42 66 0.79792
837 55 36 54 0.79682
936 79 38 55 0.78635
559 78 35 51 0.74382
483 6 24 33 0.69482
438 36 27 38 0.68814
402 11 24 31 0.68538
77 67 40 46 0.66854
961 13 33 42 0.64562
349 28 28 33 0.64550
902 32 34 50 0.58259
705 4 35 37 0.51361
297 14 22 31 0.49249
420 139 27 33 0.48860
529 20 22 27 0.46701
603 5 30 35 0.44836
207 34 24 31 0.41212
617 58 30 42 0.39251
906 190 37 44 0.38567
86 389 109 170 0.35187
706 361 75 85 0.32738
255 12 25 35 0.32428
151 59 30 37 0.31298
773 38 27 39 0.28612
485 16 29 39 0.27997
