56_Voter_peoplevoting_56_350
45
38 357 35 56 0.80461
746 234 11 14 0.57924
465 148 10 13 0.56841
257 107 9 11 0.53938
283 114 10 12 0.51754
563 168 10 12 0.51590
12 38 9 12 0.51561
742 207 11 12 0.50457
563 189 9 12 0.49479
331 118 9 11 0.49197
829 266 12 14 0.49151
205 93 9 11 0.49022
900 245 13 15 0.48864
498 352 25 32 0.48313
305 106 9 11 0.48285
436 151 10 12 0.47715
181 73 8 10 0.46895
1 324 40 55 0.45952
339 405 23 34 0.45781
111 58 9 11 0.45428
767 288 14 17 0.44414
523 316 15 25 0.44032
227 102 8 10 0.42996
525 183 9 12 0.42027
385 116 7 10 0.41267
906 305 19 25 0.38991
514 161 10 12 0.37463
924 244 9 12 0.37039
766 206 9 10 0.36463
394 137 10 12 0.35336
858 261 11 13 0.34924
647 200 11 14 0.34590
796 233 11 13 0.34493
998 314 15 20 0.31047
668 183 8 11 0.31001
541 190 10 13 0.30185
55 43 7 9 0.30020
727 195 11 13 0.29580
824 306 17 23 0.29149
723 200 11 14 0.28716
871 251 11 13 0.28650
701 225 11 12 0.27404
198 75 9 11 0.26985
717 354 17 27 0.26033
434 128 8 10 0.25019
