57_Angler_peoplefishing_57_139
31
241 339 14 17 0.76852
200 318 13 17 0.74448
179 339 13 16 0.71987
551 315 12 16 0.67953
625 298 13 16 0.62548
474 338 13 15 0.61902
412 347 16 19 0.61172
782 252 12 16 0.59709
661 260 11 14 0.56951
712 279 12 16 0.56855
514 298 12 15 0.56847
432 306 11 14 0.51454
689 274 11 14 0.49666
818 296 11 14 0.48140
890 234 10 13 0.48057
293 336 11 15 0.46416
391 368 11 15 0.44574
328 373 11 15 0.44209
681 389 11 13 0.43806
672 321 10 14 0.43250
810 312 12 14 0.42133
557 307 11 15 0.40272
354 381 11 14 0.39357
852 347 12 15 0.39325
799 410 20 22 0.37371
618 324 10 14 0.32901
475 381 13 16 0.31168
756 356 10 14 0.30681
912 231 9 11 0.30274
676 295 11 14 0.28676
422 375 13 19 0.26270
