58_Hockey_icehockey_puck_58_262
34
269 320 13 16 0.74004
50 329 13 17 0.71168
204 331 15 19 0.69847
551 225 12 14 0.68270
429 203 11 14 0.67406
319 409 15 21 0.66156
383 238 13 15 0.65217
470 186 12 16 0.64749
538 247 14 18 0.64640
468 255 13 16 0.63404
208 236 11 14 0.61863
775 489 17 21 0.61768
568 213 11 14 0.61299
325 237 11 14 0.59321
350 247 11 15 0.56933
346 273 14 16 0.52800
366 36 10 12 0.51898
50 52 8 11 0.42291
495 51 8 10 0.40902
798 78 9 12 0.40812
775 84 10 12 0.40184
833 75 9 12 0.39605
722 44 9 11 0.36433
308 14 9 12 0.36059
182 50 9 10 0.34747
23 48 9 12 0.33866
323 328 13 17 0.32291
322 353 13 16 0.31155
259 12 8 10 0.29144
968 93 8 10 0.29005
182 16 7 9 0.27964
882 73 8 12 0.27099
662 68 9 10 0.26556
788 48 9 12 0.25075
