58_Hockey_icehockey_puck_58_245
23
677 55 30 38 0.87694
103 95 31 39 0.87399
199 121 29 35 0.87066
529 100 30 40 0.86773
410 82 30 40 0.86695
199 225 33 42 0.86551
253 204 31 39 0.86476
280 79 30 38 0.86426
610 72 30 36 0.86280
436 194 32 41 0.85804
613 196 29 36 0.85790
813 55 27 35 0.85707
840 200 27 34 0.85553
382 105 29 36 0.85228
473 117 30 36 0.84755
352 207 30 36 0.84748
153 76 30 35 0.84290
902 167 32 42 0.84257
733 64 28 38 0.83676
98 189 33 37 0.83081
679 291 28 38 0.82880
883 46 29 36 0.82308
611 364 30 39 0.81811
