58_Hockey_icehockey_puck_58_680
88
564 328 34 43 0.85657
839 207 36 44 0.85137
775 343 38 46 0.84393
332 240 35 40 0.83953
565 245 32 39 0.83673
369 320 36 45 0.83059
669 355 34 39 0.81234
470 323 36 41 0.80666
892 366 37 42 0.80527
436 233 30 34 0.80409
224 197 36 40 0.78449
752 213 35 40 0.78251
258 344 33 42 0.73098
789 124 16 21 0.72959
550 195 31 32 0.72333
802 152 16 19 0.71551
626 56 13 18 0.69577
622 253 31 35 0.69207
643 142 15 18 0.68766
694 238 33 33 0.68522
888 135 15 19 0.67983
702 152 15 20 0.67069
1001 45 14 17 0.66952
229 82 14 18 0.66464
485 152 13 16 0.66236
739 119 14 18 0.66182
262 180 22 27 0.65476
936 166 14 17 0.65087
369 105 14 17 0.64887
301 138 13 17 0.64413
579 133 13 17 0.64187
377 132 14 18 0.64109
543 147 14 18 0.62712
789 51 12 15 0.62261
703 119 14 18 0.62245
246 133 13 17 0.61662
116 80 11 14 0.61315
831 40 14 16 0.61042
946 224 29 30 0.60555
703 25 11 14 0.60465
513 113 15 17 0.59260
834 126 15 18 0.58978
435 133 14 17 0.58772
674 60 13 16 0.57296
637 189 18 21 0.56474
927 80 13 16 0.55728
625 139 12 15 0.54981
216 126 13 16 0.54612
341 31 13 15 0.53857
465 111 14 19 0.53251
501 26 13 18 0.51688
771 20 12 14 0.51542
307 16 13 18 0.50470
451 16 12 14 0.49787
685 186 18 22 0.49146
954 127 13 16 0.49103
949 59 12 15 0.48565
982 25 13 15 0.48424
362 27 11 15 0.47703
446 94 13 16 0.47468
983 174 14 17 0.45293
288 329 28 40 0.44905
539 112 14 17 0.43286
22 104 10 13 0.43204
670 2 12 17 0.42483
559 27 12 14 0.42374
756 140 16 19 0.42245
106 47 13 16 0.40510
212 14 11 15 0.40118
524 47 11 13 0.39548
273 134 11 14 0.38944
175 52 11 14 0.37828
51 38 12 14 0.37390
301 80 12 14 0.36029
974 139 14 17 0.35903
736 142 13 16 0.34393
835 27 13 16 0.34248
579 95 12 15 0.33304
233 14 11 15 0.32515
581 2 13 15 0.31680
417 36 12 15 0.31246
917 20 13 17 0.30374
590 60 13 17 0.28438
700 81 14 17 0.28186
517 1 12 14 0.27870
424 113 12 14 0.27594
897 59 10 13 0.27253
730 62 12 14 0.26960
