58_Hockey_icehockey_puck_58_290
24
61 19 25 35 0.82965
558 44 26 32 0.82807
808 18 24 27 0.82762
358 70 24 33 0.82497
660 37 23 29 0.82243
742 32 24 31 0.82078
491 63 22 30 0.81112
864 1 21 26 0.80919
422 64 26 33 0.80167
363 0 22 25 0.79016
603 43 18 25 0.76647
302 82 22 31 0.76404
179 15 21 25 0.75778
100 111 24 30 0.74779
123 23 25 28 0.74601
918 1 18 21 0.70880
325 339 32 37 0.67962
490 469 27 41 0.61683
43 179 21 24 0.58659
33 37 18 26 0.57689
242 11 25 26 0.50011
914 225 20 23 0.48420
743 248 28 31 0.40608
73 90 20 23 0.27723
