58_Hockey_icehockey_puck_58_835
24
246 245 33 41 0.86683
51 307 37 52 0.85908
163 399 38 47 0.85644
148 245 32 40 0.85370
853 408 36 46 0.85019
439 412 38 50 0.84818
769 258 31 41 0.84800
561 406 36 48 0.84617
311 414 34 42 0.84571
444 239 32 40 0.84406
354 239 35 44 0.84017
701 406 37 41 0.83635
215 181 31 39 0.83588
551 185 30 35 0.83448
678 251 29 38 0.83049
598 247 31 37 0.81591
450 180 28 34 0.81264
877 309 30 36 0.81180
356 178 30 37 0.79640
626 199 26 32 0.77989
290 176 29 37 0.75537
694 201 29 34 0.72754
512 242 34 39 0.70268
762 216 26 33 0.60595
