58_Hockey_icehockey_puck_58_825
22
714 121 29 36 0.88148
820 119 30 38 0.86426
297 117 28 37 0.86195
768 102 29 36 0.86148
545 100 28 33 0.86115
791 218 32 40 0.86027
572 233 32 38 0.85989
684 221 30 39 0.85814
211 228 32 44 0.85695
107 112 28 35 0.85626
597 114 27 35 0.85372
250 110 28 34 0.84912
212 117 28 36 0.84687
390 117 27 32 0.84466
346 104 26 33 0.84342
477 217 28 39 0.84197
498 125 28 35 0.84089
639 104 26 33 0.83672
342 214 32 41 0.83181
452 88 26 30 0.83135
841 397 41 48 0.82519
93 386 45 47 0.78161
