58_Hockey_icehockey_puck_58_212
47
596 77 55 74 0.87401
140 160 25 33 0.82265
217 71 26 33 0.80330
178 156 25 32 0.80265
65 173 21 29 0.76497
287 34 22 27 0.76019
499 40 21 27 0.75691
942 155 22 27 0.75270
237 29 22 27 0.74830
378 74 20 28 0.74458
991 157 21 26 0.72625
854 158 17 23 0.71412
648 50 19 25 0.68696
420 53 18 23 0.66328
513 83 22 25 0.65828
254 116 23 29 0.65612
139 74 24 31 0.65460
429 7 20 25 0.65093
204 32 21 28 0.64000
374 47 18 23 0.63940
775 49 17 23 0.61781
972 112 18 22 0.59904
426 81 21 25 0.58313
915 119 17 23 0.57771
0 174 11 28 0.57083
878 17 17 23 0.56491
402 9 16 20 0.53442
868 54 17 21 0.52363
964 56 17 22 0.50297
440 122 17 21 0.48230
507 135 20 24 0.47175
958 91 16 21 0.46434
39 42 18 20 0.45363
600 8 18 24 0.44520
928 87 18 22 0.42845
355 131 22 27 0.41476
796 51 15 19 0.39232
132 42 17 20 0.35617
845 33 12 15 0.33047
935 59 17 21 0.32602
789 93 16 21 0.31567
804 168 20 25 0.30697
255 13 18 21 0.30633
988 11 20 24 0.28494
828 63 17 21 0.28313
62 90 19 23 0.27568
936 17 16 18 0.25893
