58_Hockey_icehockey_puck_58_221
24
1 696 53 71 0.85309
7 456 47 62 0.84504
653 461 51 61 0.84178
253 333 43 61 0.82605
458 533 65 83 0.81707
98 362 51 61 0.79810
209 471 54 71 0.78437
112 457 48 62 0.76665
737 159 34 51 0.75038
78 581 53 65 0.74144
578 37 42 50 0.74071
0 194 31 59 0.69522
0 73 34 51 0.67226
474 303 48 52 0.65151
197 201 42 54 0.63227
828 146 37 46 0.62860
894 477 32 52 0.62103
53 73 40 48 0.61831
118 83 36 56 0.52434
355 284 50 56 0.48290
471 459 48 57 0.45177
548 492 34 45 0.44646
51 199 38 47 0.29286
589 394 49 51 0.27183
