58_Hockey_icehockey_puck_58_469
40
549 211 38 44 0.79566
368 238 38 43 0.77336
398 85 21 25 0.77088
215 59 19 23 0.75881
782 157 17 22 0.75808
100 83 21 25 0.75587
164 83 18 23 0.74590
23 82 22 26 0.74497
480 88 18 21 0.74317
304 56 16 21 0.74154
414 25 17 23 0.74098
359 61 16 20 0.73098
499 22 13 17 0.72213
619 110 22 27 0.71846
338 112 17 22 0.71542
646 112 18 23 0.69974
68 90 20 24 0.69475
335 74 17 21 0.69132
552 141 18 22 0.67237
464 14 16 20 0.66534
575 103 18 23 0.65492
887 67 15 20 0.65206
88 3 17 21 0.64289
682 25 16 22 0.62779
741 134 14 20 0.59543
867 114 16 20 0.56502
260 47 13 18 0.56319
7 44 16 22 0.51707
951 75 14 19 0.50651
831 117 17 21 0.48702
721 24 15 20 0.44457
902 165 15 19 0.41237
521 161 20 24 0.40908
290 125 12 15 0.40714
708 305 32 34 0.38000
838 163 12 16 0.35552
162 28 14 17 0.34932
622 0 13 13 0.34640
309 109 20 24 0.29389
927 155 15 18 0.28133
