5_Car_Accident_Accident_5_234
24
658 486 20 25 0.75551
451 338 16 19 0.68669
422 507 17 21 0.64737
472 330 14 17 0.63001
866 351 14 17 0.61933
270 388 20 24 0.60675
886 288 13 16 0.60216
428 588 23 29 0.56399
809 314 14 17 0.52189
420 430 18 20 0.48033
786 297 12 15 0.46581
803 256 12 15 0.44933
347 427 15 19 0.43626
810 235 10 12 0.42247
417 402 19 20 0.40410
352 463 16 19 0.39622
415 316 11 14 0.35731
799 648 25 29 0.31795
321 434 18 21 0.30384
377 323 13 16 0.29812
720 355 14 19 0.29280
777 232 10 12 0.29122
267 557 19 26 0.26899
577 533 18 23 0.26152
