5_Car_Accident_Accident_5_77
30
930 50 37 45 0.87307
759 34 25 32 0.84489
886 58 27 34 0.83553
627 60 25 32 0.82982
653 60 23 29 0.82810
573 65 24 32 0.82448
289 76 22 29 0.81979
691 69 24 29 0.81505
376 61 23 29 0.81069
813 53 23 31 0.80854
231 68 21 26 0.80644
719 66 21 26 0.79396
490 68 20 25 0.78942
542 79 18 23 0.77557
520 37 16 19 0.77059
186 78 22 25 0.75452
112 87 21 27 0.74175
981 48 18 25 0.71866
590 45 18 23 0.71279
447 85 22 24 0.70762
437 55 23 29 0.67391
793 22 13 15 0.66285
711 9 13 17 0.64241
739 26 10 14 0.60772
738 50 14 18 0.58965
796 52 19 27 0.53946
84 60 20 39 0.50874
872 60 13 17 0.48342
676 28 13 15 0.41561
392 1 12 13 0.39990
