5_Car_Accident_Accident_5_448
38
927 557 24 30 0.78558
803 431 17 26 0.72313
292 389 16 20 0.69556
50 438 18 21 0.68360
15 340 13 15 0.65084
889 406 18 28 0.64668
87 392 14 19 0.62303
866 231 11 13 0.62106
296 539 27 34 0.60154
701 406 16 21 0.59875
230 375 12 15 0.59179
928 261 11 13 0.56098
135 347 14 17 0.52610
982 238 10 13 0.50396
191 447 17 23 0.47823
739 471 15 23 0.45289
175 283 9 12 0.44888
385 244 8 10 0.43045
429 239 9 11 0.40247
452 220 8 10 0.39980
966 245 10 13 0.37095
932 196 7 9 0.36751
449 242 8 11 0.36365
250 617 20 28 0.36106
336 269 9 11 0.34737
303 276 9 12 0.33397
981 319 13 14 0.33228
231 296 9 11 0.31905
313 259 9 12 0.31492
89 296 9 11 0.30907
62 297 9 11 0.29649
316 260 9 11 0.27476
829 201 8 10 0.27336
923 230 9 11 0.26985
114 220 7 9 0.26517
292 469 16 25 0.26079
393 441 12 14 0.25970
263 349 12 14 0.25397
