61_Street_Battle_streetfight_61_432
43
500 504 31 41 0.85727
638 518 32 43 0.85686
646 321 25 33 0.85557
417 531 29 42 0.84540
807 418 28 41 0.82725
177 148 30 38 0.82169
101 154 29 39 0.81793
847 324 22 28 0.81392
146 236 39 48 0.81324
887 323 23 28 0.80781
794 287 19 26 0.80462
500 297 29 34 0.80080
621 270 23 29 0.79504
740 322 25 35 0.77888
966 376 26 33 0.77845
714 402 28 40 0.77583
586 218 18 24 0.77455
761 247 17 22 0.76293
633 215 17 22 0.76091
263 173 18 22 0.73453
899 283 16 21 0.73152
824 268 14 17 0.72477
833 287 16 21 0.72358
845 273 17 21 0.70052
523 209 20 27 0.68585
795 262 14 19 0.67955
652 203 15 19 0.65773
548 238 23 28 0.64401
858 403 21 26 0.63374
509 185 15 22 0.58486
932 270 11 14 0.54658
420 159 30 48 0.53883
945 331 24 26 0.51221
319 152 18 27 0.47457
279 194 17 23 0.45554
144 295 32 50 0.45456
321 115 12 17 0.40036
832 348 16 20 0.38756
612 244 15 18 0.36059
213 210 30 45 0.35889
224 107 19 23 0.35630
119 117 18 22 0.28362
298 211 28 33 0.26033
