61_Street_Battle_streetfight_61_430
35
863 485 19 23 0.81244
571 470 24 34 0.81092
917 581 22 28 0.80911
950 433 22 27 0.80827
139 450 18 22 0.80129
231 461 21 24 0.78689
840 459 18 21 0.78352
290 452 18 26 0.76028
454 450 19 23 0.75772
623 460 23 26 0.74809
519 460 20 22 0.73333
198 461 16 19 0.72900
912 391 14 18 0.71945
475 451 17 21 0.70278
920 430 22 26 0.69246
796 459 13 17 0.68018
977 449 15 18 0.66190
165 459 15 18 0.64960
689 454 17 21 0.64557
747 24 17 21 0.63700
553 469 14 18 0.62620
91 464 16 19 0.61383
426 478 15 20 0.58620
271 458 13 16 0.57730
37 453 17 21 0.57329
367 461 18 31 0.55023
907 431 18 24 0.49971
860 455 13 18 0.40069
967 530 36 72 0.37071
759 451 17 22 0.36962
44 454 16 19 0.35685
310 464 15 19 0.32629
705 457 14 18 0.31446
67 448 13 16 0.29363
737 456 21 22 0.27749
