61_Street_Battle_streetfight_61_276
23
197 62 26 34 0.84869
811 21 23 30 0.84596
344 60 27 32 0.84521
313 23 27 34 0.84457
390 37 28 32 0.84139
9 52 24 31 0.83916
635 39 27 32 0.83755
523 36 27 33 0.83300
64 123 28 35 0.82134
779 43 26 34 0.81727
51 77 23 29 0.81251
255 47 25 32 0.81181
939 29 23 30 0.81173
440 54 24 28 0.80795
583 38 28 29 0.80065
128 49 20 24 0.79973
152 64 24 28 0.78859
670 41 24 28 0.78345
488 49 19 24 0.76021
175 47 21 28 0.72425
963 35 18 24 0.61247
467 43 19 24 0.56364
161 54 24 30 0.25291
