6_Funeral_Funeral_6_696
27
459 170 62 82 0.87152
897 130 46 59 0.86831
969 167 52 67 0.86338
159 189 33 48 0.86028
675 115 67 85 0.85407
562 66 58 90 0.84168
266 151 26 33 0.82278
558 203 56 89 0.82134
59 195 26 32 0.81915
116 186 32 38 0.81682
330 176 26 35 0.81091
813 146 53 70 0.79796
95 182 24 37 0.77037
20 199 26 33 0.76004
6 173 26 32 0.74448
220 171 20 26 0.72761
362 172 22 30 0.70889
410 87 54 58 0.69162
90 155 21 25 0.67514
296 163 17 21 0.64743
168 161 21 25 0.61666
387 160 19 25 0.60243
551 147 13 17 0.51152
22 162 20 25 0.46614
60 173 19 21 0.40149
350 158 11 15 0.37753
520 160 14 19 0.28374
