6_Funeral_Funeral_6_759
63
897 285 40 52 0.88725
267 163 36 46 0.87178
949 146 34 42 0.86669
496 31 31 38 0.86537
194 1 31 37 0.86279
652 183 36 47 0.86160
776 212 34 43 0.86119
442 158 35 47 0.86074
850 274 29 37 0.85849
379 116 34 41 0.85805
364 55 29 39 0.85690
727 65 34 41 0.85382
451 3 28 33 0.85330
124 10 32 44 0.85105
797 98 30 37 0.85059
565 12 31 38 0.84986
109 270 42 55 0.84829
327 93 30 36 0.84760
691 50 30 39 0.84721
316 0 28 31 0.84537
957 215 34 44 0.84421
17 90 33 44 0.84218
70 168 37 46 0.83994
602 80 31 39 0.83992
715 137 34 40 0.83855
128 94 31 38 0.83773
743 351 34 41 0.83417
499 260 37 46 0.83029
864 116 38 45 0.82369
907 44 35 41 0.81927
434 72 26 40 0.81381
682 10 33 40 0.81211
384 16 29 34 0.81198
802 28 27 38 0.79893
317 276 39 47 0.79484
656 134 33 40 0.79059
460 95 32 37 0.78816
166 66 35 43 0.78784
95 78 30 34 0.78363
634 25 28 36 0.78231
337 177 31 41 0.78096
198 159 33 39 0.75914
964 98 24 36 0.74886
44 139 36 46 0.74476
263 117 33 37 0.73852
550 175 33 36 0.72648
779 12 31 39 0.70497
361 7 26 36 0.61438
956 64 27 34 0.59820
179 156 30 34 0.59722
232 63 33 44 0.57989
271 62 29 32 0.57493
253 88 26 31 0.57190
661 99 31 40 0.57173
275 298 36 39 0.56460
972 329 42 44 0.51397
223 5 25 35 0.49503
877 95 31 39 0.49250
60 309 31 38 0.45179
897 0 36 26 0.43108
496 6 28 32 0.40427
202 91 28 34 0.35344
961 78 25 36 0.25190
