6_Funeral_Funeral_6_109
40
120 215 32 41 0.85505
303 228 25 30 0.83581
458 224 24 31 0.82412
194 216 32 37 0.82318
453 301 23 28 0.82290
422 239 24 29 0.82085
352 226 27 31 0.81624
645 217 21 26 0.81112
717 294 23 28 0.80955
387 311 27 36 0.80827
803 253 19 22 0.80432
592 301 25 31 0.80280
659 299 20 24 0.79907
520 235 19 22 0.79109
248 220 27 35 0.78515
587 228 21 24 0.77689
778 229 18 21 0.76617
302 198 21 25 0.76127
913 220 21 25 0.74411
740 252 18 22 0.74333
411 207 19 23 0.74281
617 219 20 24 0.74064
270 226 23 30 0.73487
881 237 17 20 0.73013
368 205 21 27 0.72698
546 220 17 22 0.71039
698 249 16 19 0.70872
572 327 20 24 0.69750
568 213 17 22 0.66050
717 254 14 19 0.59380
836 242 16 18 0.55507
487 220 19 24 0.53176
500 232 17 23 0.49708
260 220 27 36 0.44896
512 233 18 23 0.42222
985 219 14 16 0.41572
486 227 22 29 0.40613
332 221 18 23 0.33183
471 228 24 29 0.31283
860 256 12 16 0.25530
