6_Funeral_Funeral_6_77
28
84 353 21 23 0.73339
332 338 25 29 0.71913
583 364 23 24 0.71756
357 355 24 27 0.65072
547 359 15 20 0.64449
608 354 20 22 0.63569
181 366 16 19 0.63085
112 366 20 21 0.60312
854 360 11 13 0.58930
636 370 18 22 0.57744
919 357 11 13 0.57061
799 375 11 14 0.56439
427 364 15 18 0.53361
942 501 22 31 0.52731
475 373 15 19 0.50582
445 356 13 18 0.48900
495 353 16 20 0.46411
828 374 10 12 0.39932
221 368 15 19 0.37025
929 498 18 25 0.36133
284 380 16 20 0.35829
824 373 10 12 0.35175
766 359 10 12 0.34618
694 382 17 22 0.30323
1004 564 18 32 0.30182
915 467 14 18 0.30054
910 435 12 14 0.26647
909 508 17 25 0.26458
