7
36
457 209 48 57 0.81192
959 112 15 19 0.75553
596 112 23 28 0.72841
290 122 12 16 0.65016
193 115 13 16 0.59479
10 43 12 16 0.56598
343 14 10 12 0.52605
103 118 11 14 0.51752
137 90 12 15 0.50411
528 129 12 16 0.49544
422 64 10 12 0.49228
534 59 12 15 0.48241
225 96 11 14 0.46006
385 18 11 14 0.44947
229 61 10 12 0.44365
250 76 12 14 0.43754
156 16 12 14 0.43743
668 135 12 15 0.43475
900 128 11 14 0.43332
275 97 12 16 0.42522
189 19 11 14 0.40886
1013 151 9 15 0.40340
383 62 11 14 0.39854
212 79 11 14 0.39783
70 127 11 14 0.37746
257 115 11 14 0.35363
81 83 9 11 0.32094
126 69 12 14 0.31662
409 89 10 12 0.30669
817 83 11 12 0.30162
454 18 12 14 0.28643
60 51 10 13 0.27249
484 134 14 16 0.27091
495 66 11 13 0.26979
134 3 11 12 0.25670
594 56 9 11 0.25271
