7_Cheering_Cheering_7_536
25
519 337 34 57 0.78697
244 232 27 33 0.78187
328 305 28 35 0.77920
996 239 27 40 0.77419
850 282 30 40 0.73772
311 226 32 31 0.72365
216 263 29 33 0.71649
176 255 26 33 0.69360
206 225 25 29 0.69347
896 245 29 33 0.68074
640 259 45 48 0.65931
0 230 22 31 0.65485
931 290 42 40 0.65309
461 275 24 29 0.63227
333 262 26 32 0.61197
726 229 38 40 0.58288
99 243 27 28 0.50560
524 262 30 40 0.49901
253 313 26 31 0.49233
875 264 28 32 0.42016
733 273 61 90 0.37237
604 237 33 40 0.36754
135 236 28 31 0.33897
0 341 17 35 0.30879
888 254 31 34 0.28360
