7_Cheering_Cheering_7_413
24
729 454 87 105 0.87786
617 370 39 48 0.86500
928 381 57 70 0.86306
844 377 35 45 0.85841
546 348 29 40 0.83502
481 427 63 88 0.82952
429 363 29 39 0.82853
68 330 22 27 0.82853
341 418 43 56 0.81470
167 337 22 28 0.78994
272 341 27 36 0.78470
382 338 16 21 0.77948
320 348 22 26 0.76492
749 385 48 59 0.76319
736 360 28 36 0.76307
46 385 32 36 0.75834
38 334 20 27 0.72326
249 334 14 18 0.67010
202 333 12 15 0.65058
343 335 17 22 0.64326
351 283 13 16 0.63725
156 381 29 50 0.60672
1005 375 18 48 0.49334
7 340 19 24 0.37543
