7_Cheering_Cheering_7_171
198
291 267 19 23 0.74432
339 318 16 20 0.71840
436 282 17 21 0.71762
349 271 16 21 0.71406
881 293 13 17 0.69317
620 296 14 17 0.69308
462 229 16 19 0.69009
425 309 17 23 0.68651
907 252 12 16 0.68487
304 218 16 19 0.67073
550 262 14 18 0.67019
319 241 16 20 0.67014
954 326 14 18 0.66824
602 262 15 19 0.66257
554 292 17 20 0.65570
628 227 14 17 0.65334
58 84 13 19 0.65221
975 298 13 17 0.64859
390 252 14 19 0.64840
610 238 14 18 0.64591
118 5 13 18 0.62947
601 219 13 17 0.62776
991 308 13 17 0.62662
462 129 14 17 0.62482
649 243 17 21 0.62479
33 162 13 18 0.61790
471 28 11 14 0.61766
690 249 13 17 0.61389
96 160 17 20 0.61308
960 281 12 14 0.61286
202 36 12 14 0.61252
348 238 16 20 0.61128
935 218 13 14 0.60806
21 79 15 17 0.60778
753 211 13 15 0.60050
706 255 14 16 0.59912
489 126 14 17 0.59321
385 124 13 17 0.59215
512 261 14 17 0.58966
690 94 11 14 0.58832
275 90 13 16 0.58291
26 391 14 18 0.57980
155 150 14 17 0.57608
514 33 11 15 0.57410
510 130 13 16 0.57351
51 19 14 16 0.57135
330 3 11 14 0.56940
525 67 12 15 0.56745
722 309 14 18 0.56707
88 91 14 19 0.56352
330 54 15 19 0.56269
160 30 14 17 0.56258
499 160 14 17 0.56153
636 206 14 16 0.56120
925 236 12 15 0.56057
290 76 13 16 0.55953
263 186 13 18 0.55761
158 205 15 20 0.55397
450 211 13 17 0.55287
103 118 14 16 0.55193
130 143 14 19 0.55010
249 26 13 15 0.54843
3 11 14 17 0.54803
386 65 12 17 0.54272
222 61 13 15 0.54037
425 112 13 16 0.53560
553 219 15 17 0.53546
617 155 14 16 0.53530
420 148 12 16 0.53460
639 301 14 17 0.53184
568 134 13 17 0.53147
499 238 14 17 0.53080
424 65 13 15 0.53062
485 102 11 15 0.52974
884 248 12 15 0.52919
496 214 14 17 0.52740
667 189 12 15 0.52169
792 169 12 15 0.52105
384 31 11 14 0.52070
651 164 13 15 0.51993
760 106 12 15 0.51957
774 163 11 15 0.51821
580 250 13 17 0.51732
362 31 12 15 0.51730
997 244 10 12 0.51592
401 109 13 17 0.51587
548 102 12 16 0.51354
533 244 15 19 0.51163
74 418 17 25 0.50972
872 195 10 13 0.50962
459 102 12 14 0.50818
132 171 18 20 0.50748
736 86 10 13 0.50745
515 105 13 16 0.50646
745 236 13 17 0.50379
721 105 12 15 0.50348
239 78 14 17 0.50322
104 68 13 16 0.49879
953 240 13 16 0.49559
657 212 12 15 0.49532
1009 268 11 15 0.48474
492 34 11 14 0.48131
667 60 10 12 0.48089
876 171 12 13 0.47511
593 182 12 15 0.47337
753 256 13 17 0.47123
929 260 12 15 0.47076
741 120 11 15 0.47071
343 218 15 17 0.47070
473 208 14 17 0.47022
288 38 15 17 0.46877
985 372 13 16 0.46826
782 145 12 14 0.46731
441 145 12 14 0.46716
472 180 15 19 0.46578
553 245 15 17 0.46516
489 67 13 16 0.46492
155 93 15 18 0.46437
295 20 12 14 0.46195
346 98 12 15 0.46139
698 233 13 16 0.46100
536 189 12 15 0.46064
961 262 11 14 0.46002
885 227 11 13 0.45918
60 61 15 19 0.45805
936 330 11 15 0.45739
755 318 11 13 0.45370
623 68 12 14 0.45200
0 83 10 17 0.44720
523 208 13 17 0.44655
661 90 11 13 0.44627
901 325 12 16 0.44161
384 407 20 25 0.43713
726 158 11 13 0.43590
384 333 13 15 0.43333
585 161 12 15 0.43198
541 168 11 14 0.42711
783 191 11 15 0.42694
757 163 10 13 0.42402
723 191 13 15 0.42219
574 48 10 12 0.41506
698 132 12 15 0.41436
364 12 11 14 0.41353
183 391 25 30 0.41310
444 79 13 17 0.41043
694 195 13 15 0.40963
635 110 10 13 0.40953
978 264 11 14 0.40769
715 233 12 15 0.40731
618 88 11 14 0.40416
647 52 9 11 0.40188
941 277 12 15 0.40155
420 17 10 13 0.39695
149 117 14 16 0.39072
414 188 13 16 0.38174
615 188 12 15 0.37961
63 143 14 16 0.37352
558 59 12 14 0.37305
400 155 12 16 0.36922
896 369 12 13 0.36907
855 292 10 13 0.36906
649 74 11 14 0.36813
388 312 14 17 0.35821
808 132 8 10 0.35516
476 48 11 13 0.34498
729 289 12 15 0.34187
783 314 11 14 0.34186
861 229 10 13 0.34167
597 139 11 14 0.33856
812 164 10 13 0.33768
156 10 12 14 0.33648
165 418 17 22 0.33245
603 85 11 14 0.32582
666 143 11 15 0.32322
327 81 13 17 0.32129
189 0 11 14 0.31387
644 91 11 14 0.31180
630 216 14 18 0.30608
829 235 16 20 0.30590
632 331 15 19 0.30492
448 27 9 12 0.30281
302 1 12 13 0.30161
587 299 14 16 0.29278
634 183 12 15 0.29084
421 40 11 13 0.27749
588 69 10 13 0.27704
471 66 11 14 0.27152
552 128 11 15 0.26927
744 137 10 13 0.26753
420 96 14 16 0.26703
176 12 11 14 0.26495
797 198 12 15 0.26133
856 212 11 15 0.26001
597 48 8 11 0.25826
754 176 11 14 0.25777
478 83 11 14 0.25621
402 205 12 15 0.25534
125 417 12 16 0.25425
