7_Cheering_Cheering_7_29
59
729 165 14 17 0.64766
909 128 14 18 0.63476
977 338 14 18 0.59288
619 179 12 15 0.57507
664 55 12 15 0.55041
889 217 13 18 0.54374
246 44 11 13 0.50385
112 130 13 15 0.49942
681 178 13 16 0.49190
937 118 11 14 0.48754
992 224 15 18 0.46372
70 280 12 16 0.45343
443 170 13 17 0.45184
901 353 13 18 0.44965
607 82 9 12 0.44901
811 369 14 17 0.43880
884 370 14 17 0.43056
532 139 11 13 0.42752
678 118 12 14 0.41151
206 93 10 13 0.40779
438 130 13 15 0.39625
571 217 16 20 0.39576
271 108 12 15 0.38962
557 89 10 12 0.38899
341 132 11 15 0.38831
593 124 10 14 0.38736
763 128 10 13 0.38612
591 97 11 13 0.38109
605 239 14 17 0.38013
921 95 11 14 0.37139
217 70 9 11 0.36793
22 154 14 16 0.36772
707 102 12 15 0.36001
164 147 10 14 0.35542
826 235 12 15 0.34570
803 102 10 12 0.33955
371 298 10 13 0.33736
961 300 13 16 0.33513
880 251 12 14 0.33087
824 98 10 13 0.32936
927 383 11 15 0.32826
928 225 12 15 0.32043
246 104 10 12 0.31717
625 116 13 15 0.31483
254 230 13 16 0.30631
195 120 9 12 0.30435
42 358 12 14 0.30286
976 194 12 14 0.29654
766 277 13 17 0.29605
224 141 12 14 0.29488
465 358 14 19 0.28872
803 281 13 16 0.28503
706 318 15 17 0.28000
360 245 11 14 0.27479
411 199 12 15 0.27005
157 26 9 12 0.26667
197 273 12 16 0.26238
613 360 13 16 0.25587
937 466 20 22 0.25194
