8_Election_Campain_Election_Campaign_8_148
64
585 187 44 54 0.88020
2 207 68 97 0.87045
313 273 78 96 0.86962
425 286 90 117 0.86569
815 289 65 72 0.86564
242 369 100 133 0.86445
963 296 60 74 0.85930
573 320 69 83 0.85579
743 265 53 63 0.84110
428 229 57 66 0.83095
506 212 52 64 0.82183
621 352 101 115 0.80772
886 423 72 78 0.80546
674 255 61 72 0.80407
510 285 58 90 0.78557
194 113 25 30 0.76556
476 148 30 36 0.76305
755 218 29 36 0.75894
724 452 97 127 0.75538
872 491 71 114 0.75018
612 134 17 20 0.74689
373 121 15 19 0.73363
1 386 63 119 0.73206
510 152 19 26 0.72792
479 112 18 22 0.71692
322 98 19 25 0.71321
995 143 15 20 0.71260
102 207 45 49 0.70848
552 123 15 18 0.70553
723 130 18 21 0.68169
567 150 19 23 0.67606
169 95 22 24 0.65516
126 84 25 31 0.64707
8 10 12 15 0.64274
904 579 93 134 0.64134
637 178 22 27 0.62892
373 240 60 91 0.59829
753 101 11 13 0.59636
781 99 10 13 0.59144
875 153 22 27 0.55629
686 121 13 16 0.55544
800 124 12 15 0.53317
808 97 11 14 0.51447
221 101 18 24 0.51346
886 122 19 23 0.50380
37 14 9 12 0.49643
660 107 12 15 0.48365
658 148 15 19 0.47560
300 71 10 12 0.46221
115 25 12 15 0.45148
764 116 12 14 0.40447
848 124 14 18 0.40159
231 54 10 12 0.39813
682 91 9 12 0.38877
273 65 11 14 0.38264
600 163 24 26 0.30300
594 106 10 12 0.30023
925 162 26 46 0.29718
590 104 11 13 0.29082
556 75 8 9 0.29005
926 139 19 22 0.27976
495 151 20 29 0.26849
649 85 8 10 0.26104
703 125 11 15 0.25799
