8_Election_Campain_Election_Campaign_8_84
28
123 543 43 55 0.81898
209 506 25 39 0.80134
309 495 28 34 0.78630
978 488 25 29 0.76916
880 507 20 27 0.76776
128 486 18 22 0.76708
489 190 18 23 0.76205
631 204 18 22 0.73021
36 525 29 35 0.72577
537 515 20 27 0.72436
75 504 23 31 0.72229
446 186 15 20 0.72043
286 502 25 31 0.68961
778 491 20 30 0.67726
673 247 15 19 0.66377
9 529 18 27 0.63295
90 504 25 35 0.60224
185 490 15 19 0.59184
256 430 18 22 0.59011
924 603 32 59 0.56540
561 179 15 20 0.46907
526 179 14 20 0.45075
447 539 24 33 0.41093
220 465 10 13 0.37644
167 467 11 14 0.36833
155 448 10 13 0.35775
845 485 12 15 0.35754
227 437 10 13 0.27692
