8_Election_Campain_Election_Campaign_8_76
23
445 227 34 44 0.87951
344 296 35 45 0.87499
843 273 39 51 0.87359
151 304 40 44 0.85591
512 247 38 49 0.85337
613 272 33 42 0.85329
20 290 42 49 0.85303
779 285 36 45 0.84746
354 228 34 40 0.84678
711 229 27 38 0.84463
412 279 36 43 0.84222
642 230 33 42 0.84010
711 309 32 40 0.83948
70 308 38 47 0.82733
685 290 31 39 0.82672
256 284 37 46 0.81486
554 256 29 41 0.80798
297 221 30 38 0.78030
391 235 25 34 0.75076
205 237 27 32 0.64114
190 306 28 39 0.47772
604 220 27 35 0.39243
267 269 30 37 0.28995
