8_Election_Campain_Election_Campaign_8_412
107
808 137 29 36 0.83042
900 353 31 40 0.80072
729 495 32 50 0.79963
302 561 40 64 0.79468
247 169 28 35 0.79402
963 206 30 36 0.78238
965 533 38 48 0.76764
636 421 40 50 0.75603
269 256 33 38 0.75515
693 446 38 57 0.75465
774 595 44 58 0.73322
425 422 33 44 0.73196
545 143 30 37 0.70750
489 258 29 38 0.70711
812 424 28 44 0.69959
462 251 33 44 0.69378
15 503 33 59 0.68788
372 66 19 22 0.67798
339 396 34 47 0.67589
769 429 30 48 0.66715
861 456 37 48 0.66328
908 591 45 58 0.65589
615 288 27 38 0.64944
492 137 21 24 0.64181
622 385 33 43 0.63866
621 511 37 56 0.63456
394 366 33 39 0.63417
830 620 40 49 0.62549
932 315 31 40 0.61774
357 234 29 38 0.60967
671 238 21 30 0.60623
780 154 26 30 0.60331
511 180 24 30 0.60194
485 577 34 43 0.59732
323 133 18 23 0.59343
272 542 46 60 0.59298
168 243 25 34 0.58552
82 530 31 53 0.58492
641 303 37 43 0.58205
565 552 42 54 0.56205
232 72 15 19 0.56098
354 119 19 22 0.54875
975 261 30 37 0.54765
536 117 18 22 0.51971
139 302 33 42 0.51904
556 113 19 23 0.50742
89 326 31 35 0.50348
294 36 16 20 0.49979
364 143 17 22 0.49895
83 125 23 30 0.49583
630 142 15 20 0.49148
277 18 13 18 0.48772
342 486 41 54 0.48011
980 318 32 42 0.47953
1002 319 21 42 0.47441
239 126 23 26 0.46499
305 12 12 15 0.46259
571 214 24 31 0.45917
372 591 31 47 0.45721
8 262 30 34 0.44661
843 318 24 34 0.44613
197 540 29 43 0.44244
663 274 19 24 0.43291
694 84 16 22 0.43070
915 297 22 27 0.42090
281 97 19 24 0.39907
807 241 20 21 0.39526
671 185 23 29 0.39225
347 181 22 29 0.38503
912 178 16 19 0.38503
151 550 34 47 0.38454
464 28 16 18 0.37887
614 102 12 14 0.37293
887 221 19 23 0.37238
680 583 28 33 0.36235
175 380 33 39 0.36150
778 125 20 26 0.35518
0 146 17 26 0.35302
751 208 35 41 0.34875
244 540 34 46 0.34463
441 288 24 32 0.33893
876 185 14 18 0.33785
215 269 21 31 0.33696
722 321 21 27 0.33668
90 418 27 36 0.32227
573 452 29 44 0.31633
805 357 26 35 0.31509
622 256 21 27 0.31228
373 402 28 39 0.30906
872 75 13 16 0.30828
600 129 18 24 0.30448
276 216 19 24 0.29856
402 69 16 20 0.29404
302 64 14 17 0.29209
862 345 30 39 0.28968
395 116 14 18 0.28650
420 69 17 20 0.27978
342 74 20 24 0.27871
642 119 13 18 0.27804
193 438 33 42 0.27537
343 23 10 13 0.27378
844 40 12 15 0.26692
323 33 12 15 0.25873
370 46 13 15 0.25809
950 166 12 15 0.25633
766 135 17 22 0.25263
527 33 13 16 0.25159
