8_Election_Campain_Election_Campaign_8_437
42
570 53 23 27 0.80069
647 52 25 28 0.79593
681 259 24 27 0.79373
368 253 21 25 0.78910
729 51 24 26 0.78310
581 256 22 25 0.77784
257 163 21 25 0.77769
476 253 21 25 0.77453
436 64 22 25 0.77238
250 264 21 24 0.75857
754 144 16 21 0.75495
364 66 21 24 0.74859
640 145 16 20 0.73168
587 148 14 19 0.72487
132 262 18 21 0.71727
215 162 14 17 0.71304
697 144 16 18 0.70884
521 35 15 18 0.70097
215 62 15 19 0.68887
283 62 14 17 0.68550
23 71 13 17 0.66901
89 161 14 16 0.66422
150 161 14 18 0.66332
89 67 14 17 0.63741
27 159 14 17 0.63681
151 65 12 17 0.60959
456 308 31 57 0.56931
784 57 14 18 0.56179
702 60 15 19 0.52446
524 262 12 16 0.52285
528 376 50 45 0.49596
295 273 11 15 0.47390
259 54 10 14 0.45653
301 169 16 23 0.39412
733 265 14 19 0.38024
127 154 10 14 0.35053
621 57 15 19 0.33724
411 72 14 17 0.33521
67 150 10 14 0.31651
630 263 14 19 0.30067
67 58 11 15 0.27274
190 153 11 16 0.26369
