8_Election_Campain_Election_Campaign_8_174
116
69 470 42 53 0.87706
815 575 91 108 0.87378
129 412 35 44 0.87230
622 501 41 53 0.86531
951 466 41 50 0.86431
297 488 43 51 0.85879
8 479 45 57 0.85434
898 507 57 69 0.84923
585 458 40 44 0.84754
738 484 61 70 0.84695
267 453 30 39 0.83943
203 479 33 43 0.81477
455 448 38 45 0.81440
503 344 31 37 0.81398
879 464 37 43 0.80231
928 416 31 43 0.79979
206 433 32 41 0.79406
168 454 35 42 0.78417
610 417 22 28 0.78324
668 593 64 72 0.78245
166 525 73 85 0.77913
850 385 19 23 0.77509
822 438 31 41 0.76925
161 610 101 72 0.76698
577 411 33 37 0.76305
743 443 29 34 0.76025
89 394 24 30 0.75287
387 546 68 77 0.75159
420 427 27 32 0.74694
34 382 24 33 0.74666
656 420 22 26 0.74143
889 392 16 21 0.73746
956 416 24 33 0.73365
980 406 22 29 0.73238
806 412 19 23 0.73131
454 621 67 61 0.72841
316 474 39 44 0.72113
311 441 29 34 0.71370
692 396 17 23 0.71228
727 396 17 21 0.70413
168 421 29 33 0.70118
258 421 28 30 0.68546
435 451 25 34 0.68379
936 338 19 21 0.67137
771 379 18 21 0.67103
989 333 14 16 0.67074
50 444 40 45 0.65192
428 503 49 66 0.64759
486 590 74 87 0.64327
215 404 20 24 0.63552
754 373 15 19 0.63080
434 381 17 21 0.62556
854 308 11 13 0.61670
115 339 13 17 0.60988
760 411 25 29 0.60678
52 409 22 28 0.57651
346 395 13 17 0.57590
1003 437 20 36 0.55778
794 398 17 21 0.54580
613 360 12 15 0.54256
932 394 24 26 0.54097
728 341 11 14 0.53314
627 381 12 16 0.52560
291 425 21 27 0.51545
308 418 24 25 0.51498
1011 361 12 19 0.51001
446 416 22 26 0.50199
539 371 16 19 0.49630
871 381 15 21 0.49286
492 332 12 15 0.48976
578 377 14 18 0.47935
833 371 11 14 0.47722
677 382 12 16 0.47454
872 390 14 19 0.46079
182 349 10 12 0.45838
578 343 11 13 0.44592
336 381 11 14 0.43964
129 371 11 14 0.43864
969 336 12 15 0.43709
801 372 14 16 0.43579
170 372 14 17 0.42796
374 323 9 11 0.41645
50 424 24 28 0.41416
895 339 9 12 0.39102
723 435 19 22 0.39083
424 435 28 33 0.38712
597 378 11 14 0.38497
997 385 15 20 0.38431
87 448 24 28 0.38343
148 390 16 20 0.38269
163 348 11 13 0.37918
657 399 18 21 0.37219
224 372 13 17 0.36443
642 340 11 13 0.36230
665 338 9 11 0.34879
227 378 12 14 0.34649
643 380 12 14 0.34301
243 419 20 27 0.33808
155 334 8 11 0.33560
287 400 18 23 0.33234
51 434 30 33 0.32922
559 357 10 13 0.31866
214 427 21 27 0.31839
1 396 9 15 0.31505
664 461 27 36 0.31082
754 380 15 18 0.30804
834 399 15 18 0.29853
220 371 11 14 0.29418
541 360 14 17 0.28935
291 412 18 23 0.27893
279 371 10 12 0.27363
918 317 10 13 0.27124
272 360 9 11 0.26407
675 362 11 13 0.25667
311 378 11 15 0.25041
929 299 8 11 0.25026
