8_Election_Campain_Election_Campaign_8_252
22
139 449 85 101 0.88702
294 442 52 68 0.85242
922 310 28 35 0.81958
490 378 28 31 0.75429
826 350 20 29 0.73322
412 392 26 36 0.72913
366 394 24 27 0.72548
885 333 18 21 0.71318
791 338 15 18 0.67622
854 302 14 16 0.66624
897 297 14 18 0.62243
876 311 15 18 0.61054
755 336 13 16 0.58155
988 288 19 23 0.54537
87 450 19 24 0.51363
109 422 13 16 0.51071
669 348 17 21 0.50785
907 300 14 18 0.46158
649 363 16 20 0.44758
726 353 14 18 0.33151
843 324 17 20 0.32750
674 370 16 21 0.26433
