8_Election_Campain_Election_Campaign_8_118
31
292 163 54 73 0.88603
211 187 47 56 0.85785
532 168 36 46 0.85094
650 201 36 43 0.84946
407 211 69 86 0.84460
140 192 49 61 0.82758
713 375 103 130 0.81751
533 296 69 102 0.81617
890 331 60 77 0.81049
699 245 70 108 0.80550
175 215 37 47 0.79656
361 175 43 58 0.73638
927 498 96 162 0.71792
959 273 38 43 0.70232
996 238 28 41 0.69763
215 282 31 48 0.62753
893 232 19 32 0.57416
911 254 23 31 0.48074
51 193 23 41 0.47986
638 195 17 25 0.47660
586 165 9 12 0.42595
961 226 15 17 0.41917
803 222 36 54 0.37999
982 203 11 14 0.33940
598 195 12 19 0.31525
770 184 10 12 0.30528
389 206 29 50 0.28450
886 247 26 40 0.27913
803 185 10 11 0.27714
902 199 8 11 0.26420
933 194 8 10 0.26145
