9_Press_Conference_Press_Conference_9_40
31
221 232 35 47 0.85924
752 118 27 34 0.82939
529 168 18 26 0.81198
12 170 18 22 0.79774
51 224 19 24 0.78510
368 233 20 26 0.78407
464 178 19 23 0.77783
404 162 17 21 0.75681
109 185 17 19 0.75052
186 180 17 20 0.74908
694 160 19 28 0.74690
713 151 30 45 0.74608
354 169 12 16 0.73192
425 164 15 20 0.72038
246 171 14 17 0.71033
372 177 14 17 0.70597
512 167 15 21 0.70342
299 178 14 18 0.68385
205 172 15 19 0.67875
334 180 11 15 0.63652
589 131 24 30 0.61718
459 155 18 20 0.59447
323 232 21 42 0.58398
666 174 21 26 0.54631
260 214 21 28 0.54580
971 173 39 43 0.40326
896 171 31 40 0.39492
913 130 37 40 0.36716
462 163 18 21 0.34934
565 171 13 17 0.26689
416 269 21 48 0.25591
