9_Press_Conference_Press_Conference_9_12
22
107 221 31 37 0.85351
390 311 19 26 0.80644
932 207 34 50 0.80367
805 434 29 53 0.77685
673 260 16 20 0.77299
617 287 14 19 0.77184
262 303 19 23 0.77176
318 318 20 24 0.76845
568 286 14 18 0.73381
514 290 14 19 0.69768
183 256 17 20 0.66159
202 337 20 30 0.61664
51 245 9 11 0.58512
454 487 40 59 0.56865
20 247 8 10 0.43042
420 345 19 27 0.41420
330 230 13 17 0.33799
702 288 13 15 0.32707
835 303 19 21 0.29321
722 366 24 37 0.26317
633 482 81 80 0.25785
187 233 12 14 0.25723
