9_Press_Conference_Press_Conference_9_655
30
794 240 49 60 0.87132
956 213 30 44 0.85457
365 227 29 41 0.85349
659 216 45 60 0.85206
499 223 37 44 0.84216
63 206 23 29 0.83927
199 190 24 30 0.82929
135 222 21 31 0.82273
942 183 26 38 0.82113
306 200 24 32 0.81833
885 211 28 37 0.80952
758 206 26 39 0.80664
161 205 27 31 0.79866
579 214 30 34 0.78837
545 184 22 28 0.77376
847 187 24 33 0.75261
1009 206 13 38 0.74088
421 190 21 30 0.73042
650 201 23 30 0.65367
392 195 23 30 0.65290
465 193 19 22 0.64382
342 214 21 27 0.64014
726 189 24 28 0.59518
707 188 19 28 0.57980
139 201 20 26 0.52549
231 218 22 26 0.40604
116 214 17 22 0.32144
644 211 22 32 0.28744
130 217 20 28 0.28058
487 200 16 20 0.26244
