$ 3 0.000005 263.0686190299136 95 5 50 5e-11
157 536 -656 680 -656 0 7 0 0
157 744 -656 888 -656 0 7 0 0
w 136 -320 168 -320 0
w 168 -320 168 -592 0
w 168 -592 344 -592 0
w 344 -624 344 -592 0
w 344 -624 536 -624 0
w 344 -592 536 -592 0
150 -168 -168 -40 -168 0 2 5 5
150 -168 -72 -40 -72 0 2 0 5
150 -168 224 -40 224 0 2 0 5
150 -168 320 -40 320 0 2 5 5
150 -168 416 -40 416 0 2 0 5
150 -168 512 -40 512 0 2 0 5
150 -168 32 -40 32 0 2 0 5
150 8 -320 136 -320 0 2 0 5
150 -168 -368 -40 -368 0 2 0 5
150 -168 -272 -40 -272 0 2 5 5
w -40 -368 -40 -336 0
w -40 -336 8 -336 0
w -40 -304 -40 -272 0
w -40 -304 8 -304 0
152 40 -208 120 -208 0 2 5 5
152 40 -128 120 -128 0 2 0 5
152 152 -176 232 -176 0 2 5 5
w -40 -224 40 -224 0
w -24 -192 40 -192 0
w 40 -144 -8 -144 0
w -8 -144 -8 32 0
w -40 32 -8 32 0
w 8 128 8 -112 0
w 8 -112 40 -112 0
w 120 -208 152 -192 0
w 152 -160 120 -128 0
w 232 -176 232 -496 0
w 232 -496 696 -496 0
w 696 -496 696 -656 0
w 696 -656 744 -656 0
w -1032 -184 -608 -184 0
w -832 -216 -608 -216 0
w -632 -248 -608 -248 0
x -1487 -34 -1413 -31 4 18 Up/Down
w -976 8 -976 32 0
w -832 -64 -832 -96 0
150 -816 -104 -776 -104 1 2 0 5
w -976 -112 -816 -112 0
w -816 -96 -832 -96 0
w -832 -96 -832 -216 0
156 -728 -64 -584 -64 0 0
152 -776 -64 -728 -64 1 2 0 5
150 -832 8 -776 8 1 2 0 5
w -776 -56 -776 8 0
w -776 -104 -776 -72 0
w -944 72 -744 72 0
w -832 32 -832 16 0
w -728 -64 -728 0 0
w -744 -32 -744 72 0
w -744 -32 -728 -32 0
w -632 -248 -632 -64 0
w -976 32 -832 32 0
w -1176 32 -1032 32 0
w -1176 8 -1176 32 0
w -944 -32 -928 -32 0
w -944 -32 -944 72 0
w -928 -64 -928 0 0
w -1032 32 -1032 16 0
w -1152 72 -944 72 0
w -976 -112 -976 -72 0
w -976 -56 -976 8 0
150 -1032 8 -976 8 1 2 0 5
152 -976 -64 -928 -64 1 2 0 5
156 -928 -64 -784 -64 0 0
w -1032 -104 -1032 -184 0
w -1032 -104 -1032 -64 0
w -1016 -104 -1032 -104 0
w -1176 -120 -1016 -120 0
150 -1016 -112 -976 -112 1 2 0 5
w -1224 -112 -1224 -64 0
w -1224 -152 -1224 -112 0
w -1128 -64 -1128 0 0
w -1152 -32 -1128 -32 0
w -1152 72 -1152 -32 0
w -1320 72 -1152 72 0
w -1224 16 -1224 32 0
w -1336 32 -1224 32 0
I -1400 32 -1336 32 0 0.5 5
w -1400 0 -1400 32 0
w -1400 -128 -1224 -128 0
w -1400 0 -1400 -128 0
L -1400 0 -1448 0 0 0 false 5 0
w -1176 8 -1176 -56 0
150 -1224 8 -1176 8 1 2 0 5
w -1176 -120 -1176 -72 0
156 -1128 -64 -984 -64 0 5
152 -1176 -64 -1128 -64 1 2 0 5
150 -1224 -120 -1176 -120 1 2 0 5
w -1224 -152 -608 -152 0
w -1320 -32 -1320 72 0
R -1320 72 -1464 72 1 2 1000 2.5 2.5 0 0.5
R -1336 -64 -1368 -64 0 0 40 5 0 0 0.5
w -1336 0 -1320 0 0
w -1336 -64 -1336 0 0
w -1320 -64 -1336 -64 0
156 -1320 -64 -1272 -64 0 5
w -40 -224 -40 -168 0
w -24 -192 -24 -72 0
w -40 -72 -24 -72 0
150 -152 128 -24 128 0 2 0 5
w -24 128 8 128 0
I -216 112 -152 112 0 0.5 5
I -216 144 -152 144 0 0.5 5
w -608 -248 -608 -384 0
w -168 -384 -608 -384 0
w -168 -352 -592 -352 0
w -592 -352 -592 -216 0
w -608 -216 -592 -216 0
w -168 -288 -576 -288 0
w -576 -288 -576 -184 0
w -608 -184 -576 -184 0
w -168 -256 -560 -256 0
w -560 -256 -560 -152 0
w -608 -152 -560 -152 0
w -576 -184 -168 -184 0
w -560 -152 -168 -152 0
w -168 -88 -584 -88 0
w -608 -248 -608 -56 0
w -608 -56 -592 -56 0
w -592 -56 -168 -56 0
w -592 -216 -592 -88 0
w -592 -88 -584 -88 0
w -592 -88 -592 16 0
w -592 16 -168 16 0
w -560 -152 -560 48 0
w -560 48 -168 48 0
w -592 16 -592 112 0
w -592 112 -216 112 0
w -216 144 -560 144 0
w -560 144 -560 48 0
I -232 208 -168 208 0 0.5 5
I -232 240 -168 240 0 0.5 5
I -232 304 -168 304 0 0.5 5
I -232 336 -168 336 0 0.5 5
w -232 208 -576 208 0
w -576 -184 -576 208 0
w -560 144 -560 240 0
w -560 240 -232 240 0
w -608 -56 -608 336 0
w -608 336 -232 336 0
w -592 112 -592 304 0
w -592 304 -232 304 0
w -608 336 -608 432 0
w -608 432 -168 432 0
w -592 304 -592 400 0
w -592 400 -168 400 0
w -168 528 -592 528 0
w -592 400 -592 528 0
w -576 208 -576 496 0
w -576 496 -168 496 0
152 -8 264 72 264 0 2 5 5
152 0 456 80 456 0 2 0 5
152 88 360 168 360 0 2 5 5
w 248 360 248 -472 0
w 248 -472 712 -472 0
w 712 -472 712 -624 0
w 712 -624 744 -624 0
w -576 496 -576 584 0
I -224 584 -160 584 0 0.5 5
w -576 584 -224 584 0
150 -168 640 -40 640 0 2 0 5
w -608 432 -608 624 0
w -608 624 -168 624 0
w -576 584 -576 656 0
w -576 656 -168 656 0
150 -168 736 -40 736 0 2 5 5
150 -168 824 -40 824 0 2 5 5
150 -168 912 -40 912 0 2 0 5
150 -168 1000 -40 1000 0 2 0 5
I -232 720 -168 720 0 0.5 5
I -232 752 -168 752 0 0.5 5
I -232 896 -168 896 0 0.5 5
I -232 1016 -168 1016 0 0.5 5
w -232 720 -608 720 0
w -608 624 -608 720 0
w -232 896 -608 896 0
w -608 720 -608 896 0
w -560 240 -560 840 0
w -560 840 -168 840 0
w -560 840 -560 1016 0
w -560 1016 -232 1016 0
w -592 528 -592 752 0
w -592 752 -232 752 0
w -576 808 -168 808 0
w -576 656 -576 808 0
w -592 752 -592 928 0
w -592 928 -168 928 0
w -576 808 -576 984 0
w -576 984 -168 984 0
150 -16 784 112 784 0 2 5 5
150 -16 952 112 952 0 2 0 5
w -40 736 -16 768 0
w -40 824 -16 800 0
w -40 912 -16 936 0
w -40 1000 -16 968 0
152 8 600 88 600 0 2 0 5
152 136 888 216 888 0 2 5 5
152 264 704 344 704 0 2 5 5
w -160 584 8 584 0
w -40 640 8 616 0
w 112 784 136 872 0
w 136 904 112 952 0
w 88 600 264 688 0
w 216 888 264 720 0
w 344 704 352 -200 0
w 352 -200 352 -448 0
w 352 -448 728 -448 0
w 728 -592 744 -592 0
w 728 -592 728 -448 0
w -40 -168 -40 -8 0
w -40 -8 392 -8 0
w -40 32 -40 80 0
w -40 80 384 80 0
w -24 128 -24 184 0
w -24 184 392 184 0
152 416 24 496 24 0 2 5 5
152 504 136 584 136 0 2 5 5
w 392 -8 416 8 0
w 416 40 384 80 0
w 496 24 504 120 0
w 392 184 504 152 0
w 744 -560 744 -432 0
150 -168 1096 -40 1096 0 2 0 5
150 -32 1136 96 1136 0 2 0 5
150 -32 1264 96 1264 0 2 0 5
150 -168 1224 -40 1224 0 2 0 5
150 -32 1384 96 1384 0 2 0 5
150 -168 1344 -40 1344 0 2 0 5
150 -168 1560 -40 1560 0 2 0 5
150 -168 1472 -40 1472 0 2 5 5
150 -168 1752 -40 1752 0 2 0 5
150 -168 1664 -40 1664 0 2 5 5
I -232 1456 -168 1456 0 0.5 5
I -232 1488 -168 1488 0 0.5 5
I -232 1544 -168 1544 0 0.5 5
I -232 1576 -168 1576 0 0.5 5
I -232 1648 -168 1648 0 0.5 5
I -232 1680 -168 1680 0 0.5 5
I -232 1768 -168 1768 0 0.5 5
w -40 1096 -32 1120 0
w -40 1224 -32 1248 0
w -40 1344 -32 1368 0
150 -32 1520 96 1520 0 2 0 5
150 -32 1712 96 1712 0 2 0 5
w -40 1664 -32 1696 0
w -32 1728 -40 1752 0
w -40 1472 -32 1504 0
w -32 1536 -40 1560 0
w -608 896 -608 1080 0
w -608 1080 -168 1080 0
w -592 928 -592 1112 0
w -592 1112 -168 1112 0
w -560 1016 -560 1152 0
w -560 1152 -32 1152 0
w -168 1208 -592 1208 0
w -592 1112 -592 1208 0
w -168 1240 -576 1240 0
w -576 1240 -576 984 0
w -32 1280 -560 1280 0
w -560 1152 -560 1280 0
w -608 1080 -608 1328 0
w -608 1328 -168 1328 0
w -32 1400 -560 1400 0
w -560 1280 -560 1400 0
w -576 1240 -576 1360 0
w -576 1360 -168 1360 0
w -608 1328 -608 1456 0
w -232 1456 -608 1456 0
w -592 1208 -592 1488 0
w -592 1488 -232 1488 0
w -576 1360 -576 1544 0
w -576 1544 -232 1544 0
w -560 1400 -560 1576 0
w -560 1576 -232 1576 0
w -608 1456 -608 1648 0
w -608 1648 -232 1648 0
w -232 1680 -592 1680 0
w -592 1488 -592 1680 0
w -576 1544 -576 1736 0
w -576 1736 -168 1736 0
w -232 1768 -560 1768 0
w -560 1576 -560 1768 0
152 120 1200 200 1200 0 2 0 5
152 120 1456 200 1456 0 2 0 5
152 240 1336 320 1336 0 2 0 5
152 360 1488 440 1488 0 2 0 5
w 96 1136 120 1184 0
w 120 1216 96 1264 0
w 96 1384 120 1440 0
w 120 1472 96 1520 0
w 240 1352 200 1456 0
w 200 1200 240 1320 0
w 320 1336 360 1472 0
w 96 1712 360 1504 0
w 808 -528 800 656 0
w 448 656 800 656 0
w 448 656 440 1488 0
w 584 136 584 -432 0
w 584 -432 744 -432 0
150 -168 1840 -40 1840 0 2 0 5
w -608 1648 -608 1824 0
w -608 1824 -168 1824 0
w -560 1768 -560 1856 0
w -560 1856 -168 1856 0
152 -16 1896 64 1896 0 2 0 5
w -40 1840 -16 1880 0
w -40 640 -40 1912 0
w -40 1912 -16 1912 0
150 -168 1968 -40 1968 0 2 0 5
150 -40 2016 88 2016 0 2 0 5
150 -40 2152 88 2152 0 2 0 5
150 -168 2104 -40 2104 0 2 0 5
I -232 1952 -168 1952 0 0.5 5
I -104 2032 -40 2032 0 0.5 5
I -232 2088 -168 2088 0 0.5 5
I -232 2120 -168 2120 0 0.5 5
I -104 2168 -40 2168 0 0.5 5
w -232 1952 -608 1952 0
w -608 1824 -608 1952 0
w -592 1680 -592 1984 0
w -592 1984 -168 1984 0
w -40 1968 -40 2000 0
w -40 2104 -40 2136 0
w -104 2032 -576 2032 0
w -576 1736 -576 2032 0
w -608 1952 -608 2088 0
w -608 2088 -232 2088 0
w -104 2168 -560 2168 0
w -560 1856 -560 2168 0
w -576 2032 -576 2120 0
w -576 2120 -232 2120 0
152 104 2096 184 2096 0 2 0 5
152 200 1952 280 1952 0 2 0 5
w 64 1896 200 1936 0
w 88 2016 104 2080 0
w 200 1968 184 2096 0
w 104 2112 88 2152 0
w 280 1952 496 1952 0
w 496 1952 496 1360 0
w 496 1360 504 688 0
w 840 -528 832 480 0
w 832 480 832 688 0
w 504 688 832 688 0
w 872 -528 864 552 0
w 864 552 864 760 0
w 544 760 864 760 0
w 544 760 544 1832 0
w 544 1832 544 2248 0
150 -168 2272 -40 2272 0 2 0 5
I -232 2288 -168 2288 0 0.5 5
150 -168 2392 -40 2392 0 2 0 5
150 -40 2456 88 2456 0 2 0 5
150 -40 2608 88 2608 0 2 5 5
150 -168 2544 -40 2544 0 2 5 5
150 -40 2752 88 2752 0 2 0 5
150 -168 2688 -40 2688 0 2 0 5
150 -40 2896 88 2896 0 2 0 5
150 -168 2832 -40 2832 0 2 0 5
150 -40 3040 88 3040 0 2 0 5
150 -168 2976 -40 2976 0 2 0 5
I -104 2472 -40 2472 0 0.5 5
I -232 2528 -168 2528 0 0.5 5
I -232 2560 -168 2560 0 0.5 5
I -232 2672 -168 2672 0 0.5 5
I -104 2768 -40 2768 0 0.5 5
I -232 2816 -168 2816 0 0.5 5
I -232 2992 -168 2992 0 0.5 5
w -608 2088 -608 2256 0
w -608 2256 -168 2256 0
w -592 1984 -592 2288 0
w -592 2288 -232 2288 0
w -168 2376 -608 2376 0
w -608 2256 -608 2376 0
w -168 2408 -576 2408 0
w -576 2120 -576 2408 0
w -560 2168 -560 2472 0
w -560 2472 -104 2472 0
w -608 2376 -608 2528 0
w -608 2528 -232 2528 0
w -592 2288 -592 2560 0
w -592 2560 -232 2560 0
w -40 2392 -40 2440 0
w -40 2544 -40 2592 0
w -40 2624 -576 2624 0
w -576 2408 -576 2624 0
w -608 2528 -608 2672 0
w -608 2672 -232 2672 0
w -168 2704 -592 2704 0
w -592 2560 -592 2704 0
w -104 2768 -576 2768 0
w -576 2624 -576 2768 0
w -560 2472 -560 2912 0
w -560 2912 -40 2912 0
w -40 2832 -40 2880 0
w -40 2688 -40 2736 0
w -608 2672 -608 2816 0
w -608 2816 -232 2816 0
w -592 2704 -592 2848 0
w -592 2848 -168 2848 0
w -592 2848 -592 2960 0
w -592 2960 -168 2960 0
w -576 2768 -576 2992 0
w -576 2992 -232 2992 0
w -560 2912 -560 3056 0
w -560 3056 -40 3056 0
w -40 2976 -40 3024 0
152 144 2344 224 2344 0 2 0 5
152 152 2680 232 2680 0 2 5 5
152 152 2976 232 2976 0 2 0 5
w -40 2272 144 2328 0
w 144 2360 88 2456 0
w 88 2608 152 2664 0
w 152 2696 88 2752 0
w 88 2896 152 2960 0
w 152 2992 88 3040 0
152 272 2504 352 2504 0 2 5 5
152 416 2744 496 2744 0 2 5 5
w 232 2680 272 2520 0
w 352 2504 416 2728 0
w 232 2976 416 2760 0
w 544 2248 544 2744 0
w 496 2744 544 2744 0
150 32 544 160 544 0 2 0 5
w -168 624 -168 544 0
152 176 464 256 464 0 2 5 5
I -32 560 32 560 0 0.5 5
w -168 544 32 528 0
w -168 656 -32 560 0
w 160 544 176 480 0
w -40 416 0 440 0
w -40 512 0 472 0
w -40 224 -8 248 0
w -40 320 -8 280 0
w 72 264 88 344 0
w 88 376 80 456 0
w 168 360 176 448 0
w 248 360 256 464 0
w 224 2344 272 2488 0
162 640 -808 832 -808 2 default-led 1 1 0 0.01
162 640 -872 832 -872 2 default-led 0 1 0 0.01
162 640 -736 832 -736 2 default-led 1 0 0 0.01
w 640 -872 -608 -864 0
w -608 -384 -608 -712 0
w -608 -712 -608 -784 0
w -608 -784 -608 -864 0
w -608 -784 -512 -784 0
I -512 -784 -424 -784 0 0.5 5
w -592 -352 -592 -752 0
150 -424 -768 -296 -768 0 2 0 5
w -592 -752 -424 -752 0
150 -296 -752 -168 -752 0 2 0 5
w -576 -288 -584 -736 0
w -584 -736 -296 -736 0
150 -416 -656 -288 -656 0 2 5 5
150 -416 -576 -288 -576 0 2 0 5
I -504 -672 -416 -672 0 0.5 5
I -504 -640 -416 -640 0 0.5 5
I -504 -592 -416 -592 0 0.5 5
I -504 -560 -416 -560 0 0.5 5
152 -264 -616 -184 -616 0 2 5 5
w -288 -656 -264 -632 0
w -264 -600 -288 -576 0
w -184 -616 640 -736 0
w -608 -712 -504 -672 0
w -608 -712 -504 -592 0
w -592 -752 -504 -640 0
w -584 -736 -504 -560 0
g 832 -872 952 -872 0 0
g 832 -808 952 -808 0 0
g 832 -736 952 -736 0 0
g 536 -656 448 -656 0 0
g 536 -560 448 -560 0 0
g 600 -528 600 -512 0 0
g 632 -528 632 -512 0 0
g 664 -528 664 -512 0 0
150 -16 -760 112 -760 0 2 0 5
w -168 -752 -16 -744 0
w 112 -760 640 -808 0
R -16 -776 -112 -776 1 2 2000 2.5 2.5 0 0.5
x -1162 -249 -920 -246 4 40 ripple\scounter
x -513 -813 -233 -810 4 40 黃燈的化簡電路
x -512 -691 -232 -688 4 40 紅燈的化簡電路
x -512 -900 -232 -897 4 40 綠燈的化簡電路
x -145 -814 -65 -811 4 40 時脈
x -560 -418 -80 -415 4 40 第一個七段顯示器化簡電路
x 37 -377 90 -374 4 40 b\sc
x -555 -205 -75 -202 4 40 第二個七段顯示器化簡電路
x 171 -229 193 -226 4 40 a
x 201 410 223 413 4 40 b
x 281 653 301 656 4 40 c
x 525 76 547 79 4 40 d
x 376 1430 398 1433 4 40 e
x 223 1895 234 1898 4 40 f
x 433 2680 455 2683 4 40 g
x 468 -687 788 -684 4 40 第一個七段顯示器
x 799 -686 1119 -683 4 40 第二個七段顯示器
x 696 -898 776 -895 4 40 綠燈
x 696 -824 776 -821 4 40 黃燈
x 695 -758 775 -755 4 40 紅燈
